t,rpm,Mx,My,Mz,Fx,Fy,Fz
-1.37845e-12,6.3631,42108.0,-5899.24,11052.2,3745.36,26.6122,-4892.37
0.1,6.36685,42014.1,-5551.22,13058.3,3718.87,-77.708,-4866.08
0.2,6.35846,41945.7,-5598.14,13035.9,3674.34,-81.8968,-4839.7
0.3,6.35552,41985.5,-5908.18,11770.0,3629.8,-38.21,-4867.71
0.4,6.36492,42056.3,-7762.53,11645.9,3600.13,2.72845,-4939.75
0.5,6.38013,42068.7,-8381.44,13790.1,3567.12,8.32704,-5065.67
0.6,6.38866,41990.0,-7732.71,17006.5,3531.55,-33.6816,-5068.08
0.7,6.38021,41848.6,-5759.59,18359.4,3522.25,-101.931,-4997.59
0.8,6.36386,41795.0,-3499.48,16247.4,3554.03,-77.9758,-4942.95
0.9,6.35686,41823.4,-2347.2,12023.4,3619.54,26.2101,-4914.1
1.0,6.35927,41876.9,-1454.67,8929.47,3658.59,85.2114,-4890.19
1.1,6.37272,41925.7,-995.67,9690.0,3652.7,23.9519,-4847.32
1.2,6.38264,41870.1,-3128.07,13745.5,3645.13,-116.258,-4797.43
1.3,6.37148,41759.0,-5979.92,16858.9,3598.66,-227.082,-4877.05
1.4,6.35281,41752.4,-8162.94,16180.9,3551.2,-182.171,-4999.39
1.5,6.34188,41834.8,-10589.6,12380.3,3514.18,-17.675,-4970.1
1.6,6.34253,41960.2,-13446.2,8507.08,3475.01,113.196,-4924.07
1.7,6.36217,42073.2,-16660.4,8309.42,3495.86,144.516,-5003.25
1.8,6.37572,42000.4,-18134.0,11921.9,3527.12,36.8843,-5088.72
1.9,6.37369,41911.1,-18230.3,16599.7,3633.33,-102.126,-5021.44
2.0,6.36695,41852.3,-18544.6,19259.8,3733.07,-164.21,-4941.48
2.1,6.35527,41843.9,-19155.8,18533.7,3786.01,-141.733,-5022.25
2.2,6.35691,41953.0,-18411.0,15478.7,3791.66,-75.6609,-5067.44
2.3,6.38115,42038.9,-14575.7,13074.3,3749.52,-21.8608,-4943.68
2.4,6.40361,41976.3,-11997.1,12464.7,3681.3,-49.1229,-4790.91
2.5,6.41447,41850.2,-12179.1,12587.9,3622.76,-109.606,-4888.07
2.6,6.41128,41697.1,-13075.7,12371.7,3566.25,-101.688,-5077.54
2.7,6.38634,41574.3,-12032.0,10149.4,3514.67,-47.5395,-5028.31
2.8,6.36254,41636.7,-8591.99,6073.98,3488.82,5.77404,-4877.85
2.9,6.3596,41769.8,-7189.52,3105.63,3481.57,73.1377,-4876.26
3.0,6.35504,41805.8,-8440.21,2236.72,3481.38,37.1314,-5012.22
3.1,6.34952,41842.9,-7384.28,3309.05,3494.05,-54.8703,-5078.21
3.2,6.34176,41816.6,-3948.98,5332.44,3484.56,-114.021,-4918.16
3.3,6.32489,41840.3,-1840.82,6266.91,3481.68,-129.757,-4779.32
3.4,6.33161,42000.8,-3391.85,6657.04,3470.18,-68.1146,-4892.86
3.5,6.35148,42065.1,-6747.25,7317.19,3469.49,-52.0095,-5061.77
3.6,6.36902,42079.6,-7076.05,8842.84,3457.75,-56.5105,-5057.63
3.7,6.38367,42008.4,-4904.69,9933.62,3448.87,-96.1748,-4964.1
3.8,6.38191,41883.1,-3740.3,9940.47,3401.01,-76.6025,-4973.88
3.9,6.37768,41867.5,-4723.9,8184.7,3424.03,-17.342,-5111.51
4.0,6.39306,41922.6,-4632.02,6296.27,3464.36,35.478,-5152.01
4.1,6.41212,41904.4,-2628.24,5567.99,3506.36,12.9467,-5000.11
4.2,6.42103,41806.3,-1272.12,6355.44,3491.39,-42.8415,-4885.66
4.3,6.40743,41643.9,-2257.75,7815.01,3465.65,-88.0815,-4939.18
4.4,6.37801,41582.3,-3709.82,8827.46,3465.77,-89.3039,-5017.81
4.5,6.35284,41661.2,-3007.13,8661.6,3433.51,-64.6579,-4969.78
4.6,6.34084,41785.8,-1257.88,7432.97,3399.88,-40.6566,-4884.71
4.7,6.33808,41900.4,-1710.34,6116.25,3389.29,10.2801,-4912.3
4.8,6.33845,41916.1,-4704.48,5338.64,3382.19,55.2225,-5005.14
4.9,6.33041,41891.3,-5218.47,5983.76,3397.5,72.1937,-5055.76
5.0,6.31766,41891.0,-5265.09,7459.17,3419.85,34.3624,-4938.27
5.1,6.31643,41986.7,-6211.98,9240.06,3469.11,-15.0815,-4881.93
5.2,6.32998,42092.7,-9824.91,10477.2,3520.0,-39.8568,-4987.03
5.3,6.35241,42138.7,-13297.2,10593.5,3558.4,-57.471,-5090.88
5.4,6.37354,42103.1,-13586.0,9818.74,3566.57,-58.9496,-5044.52
5.5,6.38587,42016.6,-11997.2,8628.66,3543.62,-29.7913,-4938.94
5.6,6.39455,41948.9,-12444.6,7222.22,3530.27,-2.99288,-4951.38
5.7,6.4032,41919.2,-13365.0,6010.03,3524.19,31.4984,-5096.22
5.8,6.41338,41883.6,-12015.0,5811.26,3504.58,94.7089,-5128.37
5.9,6.40686,41774.8,-8340.72,5922.72,3490.51,88.557,-4972.39
6.0,6.39036,41723.5,-5018.78,6585.72,3487.01,72.734,-4896.61
6.1,6.36483,41679.3,-4199.15,7414.79,3493.09,40.7205,-4982.33
6.2,6.33992,41736.0,-4363.61,9320.98,3518.91,37.0008,-5063.33
6.3,6.32245,41819.5,-2503.74,12000.5,3553.2,-20.0798,-5022.87
6.4,6.31194,41904.3,50.9416,14889.6,3601.91,-107.439,-4946.35
6.5,6.30419,41963.5,249.632,16399.3,3629.72,-165.679,-4955.52
6.6,6.29821,42008.8,-397.935,15710.5,3624.17,-126.029,-5062.32
6.7,6.30223,42088.0,405.438,13624.3,3611.61,-30.1255,-5095.93
6.8,6.32186,42182.7,2735.0,11953.4,3593.84,53.088,-5006.88
6.9,6.34848,42198.9,4030.79,11596.4,3566.39,59.0504,-4964.49
7.0,6.37296,42144.6,2391.69,13032.3,3524.23,49.3094,-5030.45
7.1,6.37835,42014.7,207.422,14544.9,3513.16,6.17338,-5078.87
7.2,6.37589,41953.8,147.543,15126.6,3498.49,-36.2148,-5013.09
7.3,6.37614,41964.6,1060.63,14850.3,3493.39,-62.9084,-4896.6
7.4,6.37958,41990.7,553.011,14391.3,3475.12,-73.0449,-4897.02
7.5,6.38706,41995.8,-2363.6,14706.4,3462.59,-89.3105,-4963.23
7.6,6.38528,41921.6,-3412.55,15600.7,3455.31,-135.543,-5024.16
7.7,6.37206,41860.3,-3233.16,15809.5,3475.7,-157.671,-4956.29
7.8,6.35548,41837.8,-2903.0,14289.1,3477.9,-107.049,-4908.26
7.9,6.33718,41855.7,-4459.51,11358.4,3517.21,6.29637,-4961.75
8.0,6.32567,41926.1,-6835.4,8826.76,3548.53,116.026,-5010.56
8.1,6.31749,41955.1,-8399.74,8359.64,3555.67,117.928,-4973.81
8.2,6.30926,41981.3,-9744.81,9779.0,3603.0,7.6815,-4926.72
8.3,6.3104,42031.2,-11724.1,11588.1,3606.18,-109.493,-4965.79
8.4,6.32134,42077.4,-12736.0,12435.6,3595.15,-163.961,-5064.34
8.5,6.33736,42104.0,-13251.1,11493.5,3602.4,-178.223,-5046.92
8.6,6.36474,42141.7,-10969.1,9711.12,3594.49,-148.854,-5014.9
8.7,6.39496,42098.6,-8677.92,8958.43,3594.62,-79.885,-5007.19
8.8,6.41222,42004.5,-6619.33,9339.52,3619.38,-48.5035,-5029.77
8.9,6.42344,41926.1,-4103.93,10301.9,3655.91,-41.7132,-5042.62
9.0,6.42313,41816.7,-1195.82,11569.0,3655.45,-6.061,-4994.76
9.1,6.40174,41730.0,2075.53,11853.8,3653.8,0.319,-4955.33
9.2,6.38519,41757.8,5219.21,11911.9,3635.45,-16.9947,-4974.16
9.3,6.3765,41803.5,7349.32,13626.6,3626.22,-47.0698,-5000.68
9.4,6.3694,41823.5,8650.11,16581.8,3624.24,-158.675,-5016.71
9.5,6.37017,41841.2,8057.38,20368.9,3595.31,-240.499,-5024.35
9.6,6.36707,41793.8,4510.58,23516.5,3593.62,-266.153,-5044.06
9.7,6.35626,41760.0,812.271,23879.0,3584.83,-234.596,-5121.29
9.8,6.36033,41842.4,-1514.2,21710.7,3616.71,-142.178,-5130.67
9.9,6.37096,41844.4,-2942.41,18780.0,3611.02,-1.50749,-5035.56
10.0,6.37757,41823.6,-4454.75,16601.1,3588.43,84.6988,-5015.75
10.1,6.39132,41824.6,-6449.94,16236.7,3580.66,82.0424,-5092.36
10.2,6.4066,41770.8,-8072.47,17427.0,3587.05,28.6044,-5100.85
10.3,6.41508,41726.1,-7100.06,18222.9,3569.08,-36.6224,-5048.63
10.4,6.4293,41716.2,-6843.75,17937.6,3550.27,-52.1123,-4962.93
10.5,6.44095,41677.2,-8714.26,17459.5,3539.77,-21.3254,-4978.42
10.6,6.45285,41680.1,-10584.3,17926.2,3537.28,7.56862,-5057.48
10.7,6.46765,41646.0,-11867.2,20113.1,3517.56,-12.5332,-5012.76
10.8,6.46035,41508.7,-11132.5,22148.4,3481.43,-89.4047,-4944.76
10.9,6.44389,41463.4,-11931.5,22147.8,3485.49,-72.6977,-4926.22
11.0,6.42725,41438.0,-13838.1,19593.2,3478.94,32.8315,-4988.09
11.1,6.41152,41463.0,-16402.5,15782.2,3498.76,135.061,-5028.48
11.2,6.41463,41542.5,-18107.4,12888.3,3541.31,150.641,-4993.36
11.3,6.42659,41537.5,-19583.9,12385.2,3586.19,97.7265,-4968.26
11.4,6.43023,41463.0,-21616.6,12724.8,3614.37,9.83475,-4988.26
11.5,6.43676,41427.2,-24360.6,12361.0,3647.33,-42.9082,-5014.99
11.6,6.44749,41416.5,-26156.5,10816.9,3670.46,-29.4153,-5024.89
11.7,6.4614,41416.9,-23882.1,7601.83,3655.52,-24.6105,-5042.14
11.8,6.48655,41436.8,-19407.9,4710.87,3636.63,13.2101,-4992.69
11.9,6.50297,41334.1,-14958.6,3601.7,3611.74,54.6863,-4945.07
12.0,6.49944,41209.2,-11814.7,3835.62,3540.99,50.527,-4991.35
12.1,6.50062,41199.5,-9597.83,5486.87,3542.57,51.1862,-5054.2
12.2,6.49476,41145.4,-7902.68,7368.22,3523.2,51.7998,-5005.48
12.3,6.49065,41183.5,-6077.97,9440.37,3524.58,70.2557,-4965.01
12.4,6.49117,41185.2,-4523.96,12155.5,3514.25,50.5503,-5003.08
12.5,6.47809,41131.8,-4750.86,15212.6,3491.7,-36.7416,-5024.1
12.6,6.46335,41152.1,-6116.34,17212.7,3495.0,-129.286,-5018.44
12.7,6.46205,41203.2,-8321.05,18022.5,3491.74,-123.101,-5057.98
12.8,6.45695,41205.1,-11245.0,16474.4,3463.1,-89.0155,-5118.65
12.9,6.46786,41268.2,-13031.4,13317.7,3437.78,-35.4702,-5152.74
13.0,6.48706,41246.0,-13695.6,10379.1,3399.34,60.9145,-5095.51
13.1,6.50258,41169.1,-13146.8,8125.07,3384.19,144.386,-5026.65
13.2,6.52381,41127.6,-12329.9,7467.58,3383.16,204.057,-5002.68
13.3,6.53996,41004.5,-12367.9,8581.55,3400.94,194.247,-4958.61
13.4,6.53958,40917.4,-12187.5,10770.3,3392.67,140.012,-4930.26
13.5,6.54382,40897.3,-10889.7,13504.3,3397.63,74.8008,-4944.88
13.6,6.53879,40848.6,-10188.1,15832.7,3380.99,-31.901,-4938.23
13.7,6.5347,40892.6,-10021.9,16749.2,3387.13,-114.564,-4945.64
13.8,6.54565,40926.2,-10296.4,16770.9,3398.92,-121.2,-5014.25
13.9,6.54646,40886.4,-11529.1,15566.8,3456.56,-110.589,-5041.53
14.0,6.54495,40861.2,-13067.1,12840.7,3459.08,-74.799,-4992.79
14.1,6.5352,40784.7,-14072.1,9271.48,3418.8,-5.9135,-4945.58
14.2,6.51535,40775.3,-15831.5,6191.47,3398.76,125.33,-4921.41
14.3,6.50977,40860.3,-18534.9,4471.47,3380.74,187.522,-4909.84
14.4,6.51949,40922.1,-21078.9,5926.88,3375.12,178.018,-4944.0
14.5,6.52269,40868.0,-22949.9,9418.85,3354.01,71.1875,-4978.64
14.6,6.51726,40818.9,-23157.1,12241.8,3338.38,-101.824,-5022.43
14.7,6.51771,40813.4,-21184.4,12960.0,3325.6,-193.479,-5075.1
14.8,6.52778,40865.5,-18204.7,11665.1,3327.72,-155.714,-5087.4
14.9,6.55555,40935.5,-15240.9,9298.48,3328.09,-128.765,-5037.59
15.0,6.59261,40924.3,-12723.6,8041.67,3315.28,-114.613,-4988.12
15.1,6.61899,40856.1,-9815.8,8553.49,3323.66,-75.5209,-4960.88
15.2,6.62134,40784.6,-8225.53,9300.64,3352.97,-39.122,-4888.72
15.3,6.60337,40734.3,-7262.74,8832.56,3326.82,-2.334,-4860.42
15.4,6.57525,40726.5,-7373.56,7923.95,3261.85,103.558,-4914.29
15.5,6.55393,40766.0,-7733.6,7621.44,3239.93,152.644,-4997.88
15.6,6.5511,40820.9,-8660.58,9132.43,3185.26,60.4287,-5028.94
15.7,6.55533,40825.0,-9617.7,12349.9,3169.48,-88.8065,-5071.53
15.8,6.55153,40778.4,-10343.2,15203.1,3134.33,-207.127,-5132.6
15.9,6.53928,40765.0,-10638.6,16494.7,3121.39,-211.025,-5133.78
16.0,6.53025,40787.9,-9960.74,15968.0,3138.2,-163.339,-5064.97
16.1,6.53902,40867.4,-8670.58,14626.1,3162.41,-78.2556,-4975.96
16.2,6.56705,40899.0,-7116.73,13911.0,3187.45,37.1328,-4903.28
16.3,6.58882,40846.6,-6867.5,14636.5,3175.07,135.364,-4845.81
16.4,6.59143,40795.4,-8079.52,16651.4,3180.46,152.113,-4844.64
16.5,6.5866,40796.3,-9280.4,20013.7,3201.03,124.325,-4956.78
16.6,6.58675,40813.8,-10276.6,24119.3,3171.17,55.3896,-5045.76
16.7,6.59181,40831.7,-11050.4,26859.6,3129.14,-101.469,-5071.46
16.8,6.60927,40879.4,-10887.6,27558.1,3133.12,-209.059,-5140.9
16.9,6.62485,40824.0,-11440.7,25962.9,3120.33,-223.529,-5156.86
17.0,6.61969,40780.8,-12573.8,22594.3,3136.26,-169.072,-5090.95
17.1,6.61469,40797.4,-13206.9,19168.4,3176.07,-70.4348,-5018.18
17.2,6.60529,40774.0,-13417.4,16820.1,3214.24,26.6939,-4940.36
17.3,6.59447,40786.2,-13144.0,15282.1,3199.98,118.837,-4854.13
17.4,6.58698,40780.1,-13616.3,14195.9,3181.58,163.541,-4817.59
17.5,6.57037,40745.0,-15065.3,13112.4,3173.36,144.819,-4873.72
17.6,6.55147,40771.8,-17022.2,11673.0,3145.42,91.318,-4983.02
17.7,6.55058,40820.4,-18184.3,10955.5,3102.87,45.4818,-5075.52
17.8,6.56124,40847.6,-18107.1,11613.1,3048.28,-22.1357,-5135.16
17.9,6.58562,40897.2,-16980.9,13611.8,3008.27,-101.913,-5180.61
18.0,6.61207,40862.4,-16460.4,16444.5,2996.58,-145.152,-5143.06
18.1,6.61794,40796.6,-15426.4,17870.8,3020.6,-133.222,-5072.32
18.2,6.6154,40801.2,-13526.2,16400.9,3030.52,-55.3787,-4957.01
18.3,6.61191,40789.9,-10932.2,13334.0,3012.49,102.779,-4839.9
18.4,6.60234,40789.1,-8382.68,11078.1,2992.52,241.728,-4806.41
18.5,6.60117,40809.9,-8989.78,11289.2,2998.51,236.014,-4829.73
18.6,6.59972,40806.7,-9691.65,14293.8,3012.79,116.364,-5009.95
18.7,6.58966,40768.9,-10243.6,17670.5,2980.09,-2.97887,-5141.48
18.8,6.57689,40772.8,-9280.85,19614.9,2921.57,-37.3583,-5171.93
18.9,6.56896,40797.1,-8898.83,20885.3,2884.31,21.7765,-5157.82
19.0,6.5643,40792.4,-10520.4,22509.2,2850.69,31.5508,-5151.19
19.1,6.56198,40806.1,-12583.1,24699.4,2860.81,-35.082,-5102.92
19.2,6.55988,40799.2,-11547.7,26365.4,2878.27,-75.8152,-4987.03
19.3,6.54814,40758.3,-9446.02,26224.7,2867.42,-4.36,-4805.18
19.4,6.53181,40765.1,-8777.35,24374.9,2863.55,103.788,-4743.52
19.5,6.52469,40801.2,-10427.1,22922.6,2869.83,182.714,-4877.27
19.6,6.53151,40839.8,-12126.0,24040.7,2894.72,208.902,-5040.7
19.7,6.54192,40837.6,-14238.8,26879.7,2895.38,121.913,-5038.17
19.8,6.5469,40810.2,-15714.5,28994.7,2879.18,-1.90975,-5059.9
19.9,6.54511,40788.4,-17924.2,28667.8,2869.69,-41.247,-5139.97
20.0,6.53834,40793.5,-20190.4,25500.9,2881.4,-6.0565,-5143.77
20.1,6.54554,40855.8,-21509.3,21552.7,2924.72,39.2402,-5032.74
20.2,6.56256,40857.8,-22393.2,19150.0,2972.39,36.1823,-4939.32
20.3,6.56888,40810.3,-24598.8,19058.4,3026.97,15.1275,-4933.17
20.4,6.5512,40727.0,-26164.2,19041.1,3051.92,-33.7848,-4979.26
20.5,6.51717,40703.6,-26357.5,17394.7,3028.25,-9.03775,-4960.73
20.6,6.48649,40740.6,-24803.7,13267.9,2983.52,65.652,-4927.99
20.7,6.4762,40814.2,-22512.2,8283.23,2872.92,143.848,-4961.23
20.8,6.48834,40975.8,-20432.9,5736.44,2790.07,173.309,-5045.8
20.9,6.49937,40965.8,-18131.2,6354.57,2731.59,61.8099,-5101.83
21.0,6.49405,40896.5,-15177.2,8979.48,2695.69,-83.787,-5106.87
21.1,6.47616,40849.8,-13297.7,11287.8,2693.72,-157.264,-5071.09
21.2,6.45418,40906.7,-11678.7,10795.7,2721.93,-158.142,-5069.82
21.3,6.45433,41101.2,-10416.8,7997.18,2735.34,-64.8497,-5014.79
21.4,6.47253,41224.7,-8468.44,5508.92,2745.34,43.6582,-4913.61
21.5,6.48799,41221.8,-7037.05,5206.15,2762.33,81.5084,-4847.86
21.6,6.50144,41175.6,-6381.54,7793.43,2771.7,49.1121,-4904.09
21.7,6.50072,41068.8,-6508.18,11857.1,2773.2,-25.4215,-5023.03
21.8,6.48911,41038.6,-4384.02,14829.6,2752.51,-69.1021,-5144.77
21.9,6.48693,41109.5,-2540.84,16712.4,2721.81,-11.9263,-5135.77
22.0,6.47998,41106.9,-3314.19,17996.5,2705.85,6.056,-5091.27
22.1,6.4683,41148.0,-5845.57,20053.3,2706.69,-18.5798,-5161.15
22.2,6.4611,41167.0,-7296.9,23429.1,2723.04,-85.496,-5177.26
22.3,6.44363,41138.6,-6407.77,27309.0,2725.19,-132.681,-5011.49
22.4,6.42966,41187.4,-5590.02,30509.1,2745.73,-134.857,-4858.1
22.5,6.41774,41215.0,-8108.15,32669.0,2746.54,-116.262,-4890.87
22.6,6.40093,41251.9,-11640.3,33948.5,2768.68,-70.008,-5066.18
22.7,6.39249,41353.2,-13300.0,34795.8,2800.35,-18.6992,-5132.75
22.8,6.38894,41423.9,-13406.1,35672.9,2822.49,-0.951,-5076.14
22.9,6.38019,41470.9,-14102.4,36103.1,2819.31,-10.7808,-5099.31
23.0,6.37742,41551.8,-17746.2,35422.5,2830.3,-34.5798,-5176.34
23.1,6.3821,41635.6,-21259.6,33735.4,2823.97,-29.3766,-5193.05
23.2,6.39498,41692.9,-21968.9,31245.6,2796.15,-33.4431,-5080.62
23.3,6.4114,41726.5,-23185.3,28873.3,2822.06,-66.5186,-4916.19
23.4,6.42303,41671.3,-26206.0,26544.4,2833.73,-108.03,-4913.36
23.5,6.41837,41596.8,-29366.4,23817.1,2856.35,-98.5675,-5046.19
23.6,6.40775,41570.0,-29811.7,20622.5,2845.8,-20.2854,-5085.08
23.7,6.39122,41577.8,-26946.9,17301.5,2814.35,67.5369,-5017.94
23.8,6.37839,41637.5,-23524.5,14492.9,2789.05,112.558,-5004.17
23.9,6.36855,41690.4,-21753.6,12890.2,2784.32,126.074,-5076.57
24.0,6.3536,41688.8,-19050.8,11982.4,2780.94,80.9404,-5133.15
24.1,6.33223,41708.3,-14150.8,11792.5,2773.99,39.1092,-5050.31
24.2,6.31159,41763.9,-8716.59,12297.1,2764.19,-3.829,-4920.14
24.3,6.29682,41878.0,-6218.02,13264.9,2761.61,-47.6978,-4887.37
24.4,6.29803,42021.1,-6051.51,14587.1,2759.08,-75.1415,-4955.92
24.5,6.29957,42083.0,-5920.56,15668.4,2749.83,-94.1827,-4943.7
24.6,6.30167,42128.5,-4926.01,16140.7,2749.68,-55.7665,-4863.57
24.7,6.3047,42156.1,-3323.72,16009.5,2740.37,16.2623,-4901.0
24.8,6.31052,42191.6,-4754.86,16265.6,2746.38,105.904,-4973.75
24.9,6.31681,42215.8,-6685.82,17278.3,2756.59,127.862,-5073.29
25.0,6.32612,42253.5,-7646.83,19766.7,2819.29,121.651,-5116.12
25.1,6.32597,42194.9,-7678.58,22845.6,2835.21,54.6435,-5087.42
25.2,6.3073,42155.4,-7788.65,25624.3,2830.86,-7.18625,-5092.91
25.3,6.29074,42204.9,-8496.0,28206.4,2859.03,-14.806,-5136.48
25.4,6.27898,42289.4,-8414.62,30727.1,2893.24,-18.5117,-5142.7
25.5,6.27971,42403.2,-6711.83,33519.4,2931.48,-34.2132,-5103.11
25.6,6.28588,42422.1,-5860.99,36946.8,2955.4,-26.1518,-5014.17
25.7,6.26907,42313.8,-7162.97,40091.3,2947.48,-2.00487,-5009.71
25.8,6.23834,42291.6,-9827.85,42193.1,2982.82,50.7468,-5100.15
25.9,6.21256,42367.9,-12569.7,43189.7,2994.6,103.497,-5148.29
26.0,6.20079,42531.3,-15557.0,43965.6,3004.93,177.152,-5116.5
26.1,6.20053,42653.8,-18773.1,44422.8,2956.38,159.405,-5144.29
26.2,6.20102,42711.1,-21798.7,45242.0,2912.85,116.334,-5243.84
26.3,6.1934,42702.0,-22467.7,45445.9,2871.96,37.699,-5258.39
26.4,6.18375,42757.4,-21734.3,44565.9,2829.01,-7.02225,-5128.78
26.5,6.18564,42867.7,-22576.4,42339.9,2820.89,-24.3106,-4993.41
26.6,6.19588,42988.4,-24689.1,39064.5,2841.61,4.061,-5026.99
26.7,6.21677,43057.7,-26052.2,34972.8,2901.83,46.1053,-5058.25
26.8,6.22433,42996.3,-24817.8,30190.8,2943.84,84.2742,-4943.77
26.9,6.21689,42920.8,-21181.1,25024.5,2948.54,154.452,-4859.71
27.0,6.20007,42881.7,-19284.8,19887.2,2951.05,217.73,-4903.04
27.1,6.18619,42944.0,-18892.9,15701.3,2974.29,252.436,-5025.1
27.2,6.18835,43044.4,-18202.0,13566.1,2985.75,237.087,-5062.15
27.3,6.18799,43040.4,-15522.0,13907.3,2937.83,150.596,-5026.6
27.4,6.17212,42974.4,-13096.5,15559.4,2894.36,7.32275,-4984.59
27.5,6.15092,42977.4,-11326.7,17799.2,2897.85,-69.592,-5021.69
27.6,6.132,43035.4,-9950.72,20177.7,2900.14,-56.5132,-5032.76
27.7,6.12516,43176.8,-7418.74,22643.5,2924.29,-31.5075,-4970.42
27.8,6.13258,43302.0,-4834.12,25697.1,2940.76,-13.2175,-4879.98
27.9,6.13865,43312.9,-3543.17,28890.8,2994.02,-11.6739,-4876.07
28.0,6.13474,43297.7,-4204.27,31118.7,3058.16,5.09925,-4944.96
28.1,6.12657,43291.0,-5812.88,31577.2,3086.46,40.2009,-5010.68
28.2,6.12191,43366.7,-7059.64,31832.9,3120.2,107.394,-5077.39
28.3,6.12925,43473.3,-8901.61,31918.6,3159.43,76.3339,-5133.51
28.4,6.15054,43562.1,-13414.7,32694.4,3170.77,10.9828,-5163.93
28.5,6.16739,43513.6,-16832.1,33917.0,3199.03,-27.1753,-5270.84
28.6,6.16912,43431.3,-18618.2,35216.2,3244.09,-11.0123,-5269.64
28.7,6.16624,43368.0,-19712.2,36142.8,3262.88,-14.1231,-5116.96
28.8,6.15565,43342.1,-19383.4,36853.0,3257.49,-5.43819,-5035.98
28.9,6.1501,43376.1,-19654.1,37913.1,3253.76,64.9465,-5026.19
29.0,6.14797,43396.7,-19824.5,39793.6,3245.39,120.42,-5010.76
29.1,6.14017,43358.3,-20710.2,42508.6,3235.07,99.651,-4972.2
29.2,6.12252,43316.6,-22017.7,45627.1,3272.78,37.5247,-5048.66
29.3,6.09669,43290.8,-24345.5,47113.3,3278.91,-45.4953,-5140.16
29.4,6.07486,43390.0,-24970.2,45884.6,3244.8,-64.122,-5192.12
29.5,6.07465,43551.9,-25531.2,42659.1,3220.29,-22.1475,-5112.67
29.6,6.08848,43671.0,-26486.2,39518.3,3205.58,33.376,-5054.41
29.7,6.10736,43697.7,-29146.7,37776.0,3170.38,22.7402,-5025.95
29.8,6.11828,43642.7,-30831.6,37313.8,3169.87,-23.7393,-5021.66
29.9,6.11571,43562.5,-30408.6,35745.6,3170.31,-59.2765,-4941.64
30.0,6.11215,43576.4,-29107.6,31577.0,3175.03,-9.57,-4841.1
30.1,6.1139,43622.7,-28271.0,25345.9,3156.99,92.3487,-4854.2
30.2,6.12205,43678.3,-28222.8,19458.6,3154.12,175.555,-4963.76
30.3,6.13496,43686.0,-28091.4,15978.1,3165.16,159.71,-5012.52
30.4,6.14388,43623.2,-25668.6,15584.8,3174.87,76.3239,-5033.71
30.5,6.13873,43517.7,-23009.0,16363.5,3171.9,-27.4722,-5035.97
30.6,6.12698,43477.0,-19987.9,17013.5,3160.31,-45.7144,-5072.27
30.7,6.1109,43474.9,-16577.8,17022.6,3171.79,-7.13619,-5072.03
30.8,6.09796,43533.3,-12527.2,17299.2,3193.13,37.3948,-4992.57
30.9,6.09346,43603.7,-9050.68,18980.8,3238.71,48.8677,-4902.69
31.0,6.09243,43630.2,-6844.52,22142.2,3305.87,29.9155,-4917.07
31.1,6.08821,43613.8,-6350.06,25902.0,3342.58,12.0296,-4952.77
31.2,6.07618,43574.5,-5836.81,28583.7,3311.56,-20.8498,-4984.49
31.3,6.06648,43628.0,-5035.13,30148.7,3278.21,9.60206,-5031.05
31.4,6.07099,43728.2,-5385.5,30414.2,3246.51,30.7665,-5100.56
31.5,6.0912,43845.0,-5447.07,30365.2,3244.87,32.0236,-5217.23
31.6,6.11614,43842.7,-6111.49,30848.1,3269.49,38.0361,-5231.84
31.7,6.1209,43724.5,-7017.73,32036.3,3287.23,56.1828,-5165.88
31.8,6.11426,43662.7,-8280.86,33711.9,3344.21,77.7055,-5115.86
31.9,6.11232,43684.4,-10732.3,35849.9,3425.42,84.0075,-5064.61
32.0,6.11741,43737.2,-12230.0,37988.8,3479.85,79.3743,-5016.05
32.1,6.12605,43756.4,-12550.0,39335.9,3477.81,55.9185,-4960.17
32.2,6.13156,43692.2,-12596.7,39936.1,3454.58,53.583,-4945.32
32.3,6.1258,43608.2,-13175.5,40119.1,3422.74,65.9225,-5019.45
32.4,6.11922,43576.2,-14657.8,40690.4,3399.07,89.7663,-5124.58
32.5,6.11509,43567.0,-17196.9,41774.8,3394.79,77.4035,-5163.25
32.6,6.11451,43596.7,-18702.3,42930.7,3396.27,55.883,-5216.49
32.7,6.1141,43575.4,-20402.2,43046.7,3378.67,48.8973,-5190.01
32.8,6.10399,43529.1,-22054.0,42263.1,3375.9,108.82,-5121.41
32.9,6.08583,43504.9,-24050.7,40584.3,3356.83,154.788,-5039.81
33.0,6.0757,43584.0,-25637.2,38226.6,3377.2,123.53,-4986.62
33.1,6.08762,43716.1,-26786.6,36289.9,3375.3,117.465,-4943.1
33.2,6.10881,43761.2,-26770.1,35199.9,3325.5,127.194,-4940.17
33.3,6.12394,43721.4,-27641.7,34463.4,3298.1,101.453,-4977.69
33.4,6.13246,43647.3,-28958.1,33589.3,3281.04,62.3049,-5067.02
33.5,6.13503,43603.2,-29988.8,32053.5,3302.92,73.9066,-5156.99
33.6,6.13724,43605.7,-30118.7,28928.9,3332.66,99.0381,-5146.01
33.7,6.14883,43639.6,-28788.8,25147.8,3392.7,142.612,-5097.28
33.8,6.15902,43592.8,-25054.0,22061.0,3406.64,157.759,-5055.83
33.9,6.15666,43505.0,-20701.2,20466.3,3427.75,129.895,-4968.84
34.0,6.15487,43441.1,-15682.1,20432.1,3474.4,73.5684,-4912.42
34.1,6.1476,43378.5,-10802.0,21103.5,3476.63,24.2218,-4908.48
34.2,6.1361,43357.7,-7871.0,21516.4,3448.0,28.9151,-4920.21
34.3,6.12783,43379.7,-5858.95,21722.7,3441.61,64.7852,-4966.53
34.4,6.12385,43413.1,-4705.73,22259.8,3400.8,97.9417,-5000.67
34.5,6.12457,43450.3,-3250.06,24116.4,3328.76,115.469,-5036.25
34.6,6.12555,43442.0,-2467.03,27680.1,3272.39,102.586,-5058.37
34.7,6.11974,43419.4,-2917.01,31674.4,3244.61,33.0672,-5070.42
34.8,6.12115,43457.2,-3439.33,35128.1,3263.31,-13.57,-5107.99
34.9,6.12316,43464.6,-3976.75,37041.8,3311.7,-34.7127,-5092.83
35.0,6.13088,43514.3,-4610.33,37763.4,3406.0,1.41225,-5038.62
35.1,6.14771,43542.2,-6774.5,38457.5,3476.08,56.1081,-4992.93
35.2,6.1626,43503.9,-11749.3,40071.4,3543.03,87.9864,-4995.96
35.3,6.17563,43466.3,-16650.8,42137.8,3560.29,73.5381,-5073.37
35.4,6.19117,43426.7,-19257.1,43722.9,3524.34,57.123,-5103.7
35.5,6.20102,43342.7,-17751.0,43965.3,3463.46,69.3951,-5101.0
35.6,6.20755,43284.8,-15396.9,43033.9,3443.69,95.5907,-5091.42
35.7,6.21242,43212.0,-15484.9,42386.6,3465.69,109.257,-5099.17
35.8,6.20398,43105.2,-17829.5,43110.0,3470.77,95.883,-5149.54
35.9,6.18424,43029.9,-19231.2,44770.8,3438.11,42.0615,-5145.35
36.0,6.16649,43054.4,-19322.3,46410.8,3439.17,0.194813,-5011.21
36.1,6.16139,43128.6,-18357.6,46438.0,3463.04,-2.60512,-4868.05
36.2,6.17045,43199.4,-19842.5,45124.2,3465.52,67.3878,-4828.95
36.3,6.17557,43153.6,-23407.0,43275.8,3458.67,108.416,-4922.14
36.4,6.16728,43106.5,-25215.4,42178.3,3433.49,110.347,-5062.64
36.5,6.16436,43122.9,-25642.8,42034.8,3387.57,72.7436,-5061.21
36.6,6.17078,43203.8,-26452.6,42291.6,3370.7,51.3699,-5074.59
36.7,6.19516,43275.3,-29535.0,41165.4,3383.9,24.591,-5188.0
36.8,6.21973,43246.2,-31045.6,37923.1,3417.26,13.6655,-5284.6
36.9,6.23413,43123.9,-28717.4,33513.4,3435.81,75.579,-5145.09
37.0,6.23814,43017.0,-24031.4,29261.3,3469.89,116.377,-4897.33
37.1,6.25118,43017.0,-20727.2,26674.2,3494.1,110.221,-4809.54
37.2,6.27995,43008.7,-18188.0,25842.3,3511.72,47.0098,-4922.3
37.3,6.29988,42902.3,-14819.4,25722.3,3499.89,28.68,-4953.44
37.4,6.30052,42706.6,-10559.7,25562.5,3465.21,92.6755,-4891.16
37.5,6.27229,42513.1,-10037.8,25815.6,3428.54,173.396,-4905.0
37.6,6.23509,42493.2,-13256.0,26703.4,3403.02,189.479,-5075.55
37.7,6.21762,42625.6,-16149.6,28525.6,3383.69,135.427,-5182.78
37.8,6.2194,42756.4,-15931.8,30638.6,3370.09,65.9248,-5064.0
37.9,6.22986,42794.7,-14060.6,31541.9,3347.02,-13.1144,-4916.78
38.0,6.2316,42713.7,-15090.4,31074.4,3313.02,-31.2489,-4899.19
38.1,6.22723,42649.9,-17564.8,30775.2,3318.31,35.5026,-5015.92
38.2,6.2244,42684.1,-18168.0,31492.9,3320.83,112.222,-5058.48
38.3,6.24704,42805.1,-17719.6,33881.1,3326.32,148.632,-4944.37
38.4,6.27987,42834.7,-18375.6,37775.6,3316.51,178.827,-4921.12
38.5,6.30118,42720.5,-19925.7,41303.1,3291.24,178.531,-5055.24
38.6,6.30589,42575.3,-21643.7,43917.0,3280.59,183.382,-5091.22
38.7,6.29603,42441.6,-21573.6,45772.1,3225.99,153.839,-4978.7
38.8,6.28587,42465.1,-22494.1,47106.1,3219.9,85.7259,-4909.51
38.9,6.30557,42590.3,-26350.3,48269.9,3267.12,1.0325,-4988.66
39.0,6.33331,42591.5,-29356.4,49086.7,3324.88,-48.8568,-5140.08
39.1,6.33895,42415.1,-29447.4,48163.0,3345.63,-36.302,-5094.48
39.2,6.31673,42218.7,-27725.5,45869.9,3356.55,67.221,-4975.67
39.3,6.27521,42132.4,-27662.8,42731.8,3345.26,176.651,-4979.77
39.4,6.2494,42295.8,-29320.1,39405.4,3323.43,244.126,-5076.55
39.5,6.25896,42489.6,-29467.0,36409.1,3303.77,237.178,-5056.57
39.6,6.27337,42520.9,-26996.1,34184.8,3273.99,233.619,-4948.69
39.7,6.27395,42412.5,-26389.6,32466.1,3280.51,201.633,-4906.33
39.8,6.25904,42290.7,-28116.1,31471.3,3283.05,131.271,-5071.83
39.9,6.24722,42344.1,-29770.4,31094.6,3299.7,71.527,-5211.62
40.0,6.2645,42520.7,-27991.3,30468.9,3269.59,28.233,-5122.33
40.1,6.29921,42621.1,-23976.9,28625.8,3217.25,17.5694,-4980.78
40.2,6.33406,42594.5,-20830.1,25893.2,3186.77,86.3685,-4976.7
40.3,6.34881,42417.3,-20045.2,22773.4,3182.7,157.034,-4991.39
40.4,6.34288,42261.0,-17589.7,20005.0,3196.73,186.759,-4961.43
40.5,6.33769,42239.8,-14164.7,18031.2,3217.34,174.96,-4870.3
40.6,6.33672,42262.2,-11037.6,16751.4,3191.29,164.642,-4886.05
40.7,6.34485,42292.1,-10792.7,16658.8,3166.49,189.604,-4971.01
40.8,6.34709,42223.0,-11866.7,18021.3,3154.34,174.843,-5024.39
40.9,6.33694,42128.1,-13203.8,21007.0,3155.3,120.444,-5000.66
41.0,6.3191,42061.9,-15262.6,24146.2,3141.17,20.7106,-4957.9
41.1,6.30367,42090.2,-18619.8,25837.0,3120.34,-29.2825,-4971.75
41.2,6.30696,42192.0,-21617.4,26016.7,3118.82,22.8806,-5021.33
41.3,6.31621,42222.7,-22666.5,25845.6,3119.44,99.4884,-5012.98
41.4,6.32353,42186.3,-23098.9,26992.2,3138.51,127.486,-4960.67
41.5,6.32115,42106.7,-23029.9,30067.1,3158.26,110.413,-5006.83
41.6,6.30987,42070.1,-22470.9,33776.1,3178.03,92.7262,-5112.54
41.7,6.30977,42145.0,-21419.2,36460.6,3215.39,97.455,-5086.91
41.8,6.32434,42237.7,-19905.2,38155.6,3213.74,141.877,-4976.19
41.9,6.34315,42255.2,-19926.5,39907.6,3178.96,159.5,-4918.11
42.0,6.3571,42220.7,-23736.8,43156.8,3184.82,118.419,-4923.66
42.1,6.36515,42146.7,-27942.3,47471.6,3169.85,-14.0878,-4985.5
42.2,6.36124,42080.6,-29783.7,50293.3,3160.12,-154.328,-5035.69
42.3,6.35765,42073.6,-29674.7,49425.0,3189.81,-176.754,-5044.0
42.4,6.35017,42053.6,-29221.3,44227.1,3206.65,-73.4402,-5080.79
42.5,6.34129,42061.1,-30386.5,37355.3,3210.23,112.64,-5143.73
42.6,6.33821,42069.4,-31271.2,32238.7,3241.92,244.6,-5178.47
42.7,6.33611,42042.1,-29385.5,30298.1,3227.92,246.708,-5084.38
42.8,6.33501,42025.5,-26353.7,29885.8,3210.66,142.098,-4904.72
42.9,6.3342,41990.2,-23384.5,28440.6,3199.99,51.5657,-4851.53
43.0,6.32743,41964.5,-21738.0,24723.8,3184.93,43.3923,-4912.8
43.1,6.32088,41975.7,-20883.8,19675.3,3165.67,54.8974,-4932.75
43.2,6.31991,42031.7,-18098.5,16045.9,3127.02,47.1213,-4946.57
43.3,6.32838,42098.9,-15876.9,14511.3,3107.43,-10.842,-4939.51
43.4,6.34792,42142.6,-13037.8,13926.1,3080.21,-69.6905,-4994.67
43.5,6.36751,42117.7,-10584.0,13039.8,3030.56,-11.8906,-4987.06
43.6,6.37611,42014.5,-8751.33,11218.7,2999.11,111.56,-4883.6
43.7,6.37509,41953.3,-7297.84,10041.2,2975.08,223.465,-4827.99
43.8,6.37294,41941.0,-7280.19,11536.2,2965.8,242.661,-4826.78
43.9,6.37199,41959.9,-7563.75,16977.9,2993.59,172.715,-4864.23
44.0,6.36495,41946.9,-7869.87,24066.4,3003.27,-3.535,-4910.68
44.1,6.35632,41937.3,-7569.49,30171.7,2994.4,-156.98,-4990.32
44.2,6.33651,41908.0,-7369.87,32387.1,2988.51,-212.462,-5052.21
44.3,6.32977,41991.9,-7605.71,31358.2,2992.36,-100.936,-5074.23
44.4,6.33989,42072.2,-7981.23,29131.2,3035.99,3.25825,-5057.63
44.5,6.35965,42093.7,-8964.33,28346.8,3068.79,69.6342,-5011.47
44.6,6.38065,42038.4,-11608.6,30375.8,3129.25,118.833,-4957.68
44.7,6.37335,41837.1,-13306.5,33258.0,3157.92,95.1629,-4980.27
44.8,6.34304,41752.2,-14925.1,35002.4,3163.77,96.4115,-4987.69
44.9,6.31721,41802.4,-15387.7,35144.7,3156.75,126.824,-5007.22
45.0,6.30092,41957.1,-16992.5,34714.0,3114.73,162.869,-5036.76
45.1,6.31308,42157.4,-19248.1,35199.2,3083.6,135.588,-5119.2
45.2,6.34121,42216.8,-22784.8,38150.8,3085.75,67.5123,-5128.82
45.3,6.35363,42119.1,-24461.4,42264.9,3081.46,-41.104,-5121.73
45.4,6.35238,42017.7,-24641.7,45308.4,3084.19,-120.847,-5080.58
45.5,6.3404,41970.1,-23728.9,45430.1,3111.82,-110.294,-5018.08
45.6,6.3303,42042.4,-22655.5,41644.7,3159.74,-22.5764,-4976.52
45.7,6.33366,42150.2,-21840.8,35817.9,3179.47,120.056,-4956.59
45.8,6.34009,42156.0,-19943.5,31171.3,3172.27,225.23,-4985.6
45.9,6.32994,42074.8,-18453.3,28204.6,3132.37,187.9,-4943.35
46.0,6.32606,42060.4,-17246.3,26947.5,3104.95,119.16,-4927.76
46.1,6.32524,42042.8,-16575.9,25691.8,3073.7,55.5675,-4984.86
46.2,6.33145,42091.1,-16865.6,22622.8,3053.97,13.964,-5013.95
46.3,6.35525,42129.8,-17043.8,19217.6,3036.96,34.6475,-4991.88
46.4,6.36155,42028.1,-16562.6,16464.9,3046.73,23.7033,-4976.79
46.5,6.35425,41975.2,-16479.7,14546.7,3064.65,6.75625,-4965.4
46.6,6.35397,41985.9,-15846.6,13700.8,3089.65,32.6968,-4968.61
46.7,6.34933,41978.7,-15406.5,13451.0,3102.36,109.848,-4932.37
46.8,6.34845,42025.4,-14859.3,13220.1,3092.33,177.944,-4919.85
46.9,6.35528,42034.6,-12529.0,15175.8,3048.41,257.162,-4990.12
47.0,6.34794,41970.8,-10957.4,20411.2,2989.93,286.757,-4975.66
47.1,6.33847,41967.4,-9420.88,27643.9,2940.64,130.921,-4957.45
47.2,6.33773,42031.8,-9425.48,35899.0,2927.37,-43.7453,-4997.5
47.3,6.33763,42063.6,-10562.4,42473.3,2935.63,-142.578,-5081.59
47.4,6.33977,42110.3,-11709.3,44913.4,2975.92,-178.475,-5106.67
47.5,6.34856,42128.8,-12600.0,44286.1,3010.89,-116.565,-5050.04
47.6,6.34529,42063.5,-15616.3,42541.4,3059.07,5.56769,-4955.9
47.7,6.34297,42069.7,-19594.8,40665.2,3124.97,94.901,-4999.74
47.8,6.3546,42092.6,-23026.2,40195.0,3151.32,178.109,-5059.97
47.9,6.35549,42006.7,-24348.4,40148.9,3117.72,185.096,-5007.17
48.0,6.34818,41979.1,-25223.7,39752.8,3111.85,185.437,-4940.69
48.1,6.34446,41955.0,-28028.7,38969.7,3115.85,163.905,-4998.45
48.2,6.33051,41937.3,-33557.7,37978.2,3096.41,117.59,-5103.08
48.3,6.32713,42034.8,-37255.9,37609.7,3097.49,59.4779,-5168.15
48.4,6.33143,42070.1,-38217.9,38406.3,3096.42,-9.3245,-5107.54
48.5,6.32725,42072.1,-36702.1,38677.8,3104.63,-92.2226,-5048.44
48.6,6.32764,42085.3,-34308.6,37213.8,3071.22,-96.758,-5038.23
48.7,6.31923,42046.9,-31029.8,34363.8,3031.52,15.1093,-5005.3
48.8,6.30538,42067.2,-26389.5,30341.0,3009.9,121.804,-4930.84
48.9,6.30828,42155.7,-23204.0,27126.9,2983.96,178.917,-4820.72
49.0,6.30975,42160.8,-21791.1,25277.5,2995.66,141.779,-4833.78
49.1,6.30417,42165.9,-20066.7,23391.0,3017.94,73.5375,-4962.24
49.2,6.31204,42202.5,-17680.0,21706.7,3026.58,68.4662,-4991.72
49.3,6.31669,42193.8,-14755.5,20386.5,3034.05,55.8932,-4955.57
49.4,6.32962,42243.6,-14617.3,19765.8,3030.48,23.9881,-4972.27
49.5,6.35768,42244.2,-16614.1,20517.2,3048.7,-22.8384,-5072.44
49.6,6.36825,42132.7,-17135.3,21332.7,3026.93,-67.5761,-5096.67
49.7,6.37433,42067.9,-14394.7,20951.4,3004.12,-65.451,-4973.07
49.8,6.37058,41959.6,-12329.8,19763.2,2972.96,-9.17675,-4809.87
49.9,6.34844,41903.9,-12133.9,18662.6,2938.16,86.2132,-4874.34
50.0,6.33171,41940.8,-13335.3,18673.6,2885.16,124.896,-5023.16
50.1,6.3173,42002.9,-11091.3,21325.3,2835.63,123.287,-5071.0
50.2,6.30348,42056.9,-6468.67,24988.1,2791.4,51.9371,-4989.52
50.3,6.29817,42143.8,-2728.48,28612.0,2788.36,-3.96019,-4992.06
50.4,6.29404,42169.7,-2303.9,32013.9,2811.94,-8.50688,-5099.44
50.5,6.28382,42202.0,-4686.72,35034.9,2884.32,-39.8816,-5128.48
50.6,6.28374,42298.6,-5700.67,38285.4,2932.02,-86.2505,-5073.44
50.7,6.28911,42339.0,-6769.63,40965.5,2956.68,-156.853,-4985.49
50.8,6.29745,42391.8,-10100.5,41801.8,3002.72,-146.84,-4975.15
50.9,6.32007,42425.4,-15210.9,40467.3,3036.5,-56.0845,-5054.91
51.0,6.33865,42349.4,-19935.0,38386.1,3058.01,81.1267,-5115.28
51.1,6.34564,42244.0,-24260.3,36757.8,3076.71,168.963,-5079.17
51.2,6.35185,42180.8,-26825.2,36349.7,3080.33,168.766,-5114.38
51.3,6.35521,42131.7,-28782.7,36607.0,3063.52,112.469,-5180.3
51.4,6.35612,42110.9,-30327.0,35728.9,3097.31,34.7765,-5180.05
51.5,6.34839,42056.4,-32059.9,33159.9,3139.74,-10.5295,-5120.68
51.6,6.3259,42003.0,-32746.3,29714.0,3178.48,8.2325,-5124.05
51.7,6.29727,42015.1,-31498.9,26276.0,3177.9,19.9613,-5139.48
51.8,6.27924,42129.2,-27739.9,24069.6,3147.79,28.1421,-5058.29
51.9,6.27148,42216.0,-22727.0,22606.1,3092.53,20.2668,-4926.42
52.0,6.27001,42296.0,-18650.1,21119.5,3039.17,65.0386,-4873.65
52.1,6.26858,42286.9,-15922.5,19058.6,2974.21,116.766,-4899.56
52.2,6.25464,42264.3,-13852.3,16654.2,2940.6,137.951,-4880.21
52.3,6.24788,42337.0,-11784.6,14375.5,2911.55,98.8786,-4833.9
52.4,6.25928,42470.7,-9596.77,13122.4,2906.57,37.1188,-4916.37
52.5,6.28785,42562.8,-8493.42,12672.5,2919.26,-36.8536,-5033.72
52.6,6.32349,42558.5,-7403.53,12925.3,2911.26,-75.9406,-5073.8
52.7,6.35008,42428.2,-5768.86,13912.3,2934.18,-72.5123,-5027.12
52.8,6.35761,42270.2,-4312.18,14666.1,2976.76,-78.996,-4962.51
52.9,6.36089,42204.9,-4450.67,15408.2,3004.16,-41.4181,-4903.37
53.0,6.35867,42154.3,-4654.18,16336.3,2988.82,12.7185,-4880.93
53.1,6.35016,42137.0,-3453.52,17413.3,2930.98,39.2756,-4882.55
53.2,6.33492,42105.2,-969.367,18539.7,2846.32,16.5362,-4896.62
53.3,6.30845,42071.7,833.071,20917.3,2779.35,35.0368,-4949.25
53.4,6.27056,42068.0,1726.47,24305.0,2739.87,38.2482,-5082.16
53.5,6.24116,42195.0,3104.74,28894.5,2768.99,4.4505,-5228.74
53.6,6.23292,42360.2,4777.09,35400.6,2827.04,-10.5092,-5228.13
53.7,6.2253,42439.2,5501.66,41629.2,2918.34,-94.0683,-5133.41
53.8,6.22242,42516.1,5211.49,45795.0,2974.68,-170.952,-5102.58
53.9,6.21886,42544.8,4465.92,46665.1,3016.87,-181.657,-5060.55
54.0,6.22357,42637.8,4127.87,44530.1,3116.42,-102.096,-4953.09
54.1,6.25931,42790.6,1405.35,41852.4,3172.99,12.7332,-4840.02
54.2,6.30255,42762.6,-5348.3,40631.6,3190.12,59.9053,-4922.25
54.3,6.32548,42607.3,-12864.4,40301.1,3194.82,33.8275,-5155.8
54.4,6.33066,42439.3,-15823.4,39039.5,3170.29,32.4048,-5269.05
54.5,6.32225,42336.3,-15324.8,35589.0,3149.16,69.091,-5136.86
54.6,6.31326,42359.1,-16340.3,30340.4,3124.99,114.674,-5024.82
54.7,6.31626,42424.6,-21865.0,26139.4,3133.85,146.543,-5089.37
54.8,6.31169,42378.6,-26391.4,24493.6,3154.12,71.3047,-5177.82
54.9,6.29459,42330.8,-24329.2,24996.7,3172.49,-47.9749,-5071.64
55.0,6.26578,42254.6,-19584.6,25229.7,3175.27,-168.766,-4819.31
55.1,6.22342,42259.0,-16337.2,22943.2,3150.72,-160.828,-4814.99
55.2,6.20014,42434.2,-16251.9,18291.3,3126.08,-4.15094,-5006.0
55.3,6.20015,42610.3,-14268.1,13596.2,3106.5,139.301,-5082.12
55.4,6.21082,42705.2,-9630.77,11080.2,3053.67,169.533,-4909.99
55.5,6.22887,42720.8,-7112.4,11108.5,3041.43,89.1959,-4811.39
55.6,6.24038,42647.5,-8162.79,11935.1,3031.83,-26.4566,-4989.53
55.7,6.24842,42632.9,-9230.25,11433.2,3031.44,-76.109,-5155.85
55.8,6.27461,42699.0,-5874.92,10012.8,3039.88,-57.1063,-5052.45
55.9,6.30972,42721.9,-144.659,9406.45,3061.44,-39.8045,-4870.61
56.0,6.34247,42663.6,1360.68,10952.6,3044.17,-55.554,-4875.48
56.1,6.3629,42519.1,-906.016,15218.8,3036.75,-67.226,-5039.93
56.2,6.35755,42331.4,409.071,20337.1,2989.15,-77.753,-5107.74
56.3,6.33933,42250.8,5023.26,24106.6,2923.78,-69.901,-4884.09
56.4,6.31775,42231.6,8786.49,26158.2,2853.03,-41.3768,-4729.66
56.5,6.28929,42254.6,7926.69,27739.1,2826.92,13.308,-4908.76
56.6,6.26123,42304.5,5341.59,29976.7,2871.82,-10.5156,-5163.67
56.7,6.23684,42361.7,5663.16,33747.6,2938.97,-86.5039,-5178.13
56.8,6.21526,42422.7,6903.44,38255.3,3002.67,-151.8,-5034.71
56.9,6.19671,42490.2,4484.11,41056.8,3054.86,-191.871,-5057.65
57.0,6.19573,42618.0,-159.733,41423.5,3086.34,-154.689,-5228.73
57.1,6.212,42728.8,-1510.53,39303.4,3106.86,-92.9823,-5205.05
57.2,6.24232,42787.4,1149.56,36184.0,3082.33,-18.2691,-4923.13
57.3,6.2777,42752.3,1642.63,34291.4,3067.56,29.7556,-4770.09
57.4,6.2959,42613.0,-3433.42,33934.6,3049.35,15.5601,-4957.01
57.5,6.30567,42521.8,-11208.1,34254.6,3031.56,-13.1515,-5174.62
57.6,6.30995,42468.0,-14129.7,34128.9,3000.42,-7.867,-5183.51
57.7,6.31389,42484.5,-15990.1,32793.0,3014.5,34.809,-5007.58
57.8,6.31953,42484.4,-20790.4,30833.1,3026.52,74.9942,-5020.85
57.9,6.31094,42405.0,-27869.7,29013.7,3025.13,48.0537,-5215.51
58.0,6.28523,42355.7,-30317.4,27168.9,2996.68,-6.56,-5248.51
58.1,6.26684,42401.1,-26546.9,25695.9,2969.17,-20.0065,-5013.28
58.2,6.24582,42436.4,-22018.4,23250.1,2966.1,-73.5885,-4855.17
58.3,6.22964,42515.5,-20889.5,19845.2,2971.93,-52.111,-4986.13
58.4,6.21527,42525.1,-19804.1,16190.8,3014.22,46.8102,-5138.4
58.5,6.19166,42528.7,-16154.8,13681.5,3045.8,176.904,-5012.25
58.6,6.17756,42615.5,-11441.7,12517.9,3052.62,183.264,-4811.32
58.7,6.18541,42739.7,-10682.9,12964.8,3056.98,109.651,-4842.22
58.8,6.20743,42830.8,-10741.4,13645.1,3018.43,31.3612,-5039.5
58.9,6.24102,42869.4,-8261.48,13770.2,2970.1,-15.2323,-5027.01
59.0,6.27021,42788.0,-3086.84,13902.1,2932.91,-67.5687,-4878.57
59.1,6.28238,42688.5,-466.599,14644.3,2881.37,-132.163,-4884.54
59.2,6.28977,42652.0,-2986.52,16304.1,2856.42,-162.283,-5068.19
59.3,6.29301,42651.6,-4504.0,18526.2,2838.79,-124.075,-5179.82
59.4,6.29131,42651.4,-1862.3,19860.8,2824.18,-72.2438,-5042.31
59.5,6.28349,42633.9,2253.99,20476.5,2816.96,10.465,-4842.36
59.6,6.26265,42573.8,3650.18,21732.6,2792.87,109.52,-4843.77
59.7,6.22571,42534.2,2221.99,24326.6,2780.98,101.748,-4978.33
59.8,6.19358,42616.7,1317.21,28827.1,2772.46,-6.21,-5022.76
59.9,6.17107,42727.0,706.112,33609.3,2763.43,-163.5,-4989.49
60.0,6.15882,42867.0,-893.044,36609.2,2775.82,-231.594,-5099.79
60.1,6.16039,42952.9,-4708.49,36758.6,2799.23,-202.335,-5287.73
60.2,6.15938,42965.5,-7116.25,34723.5,2806.74,-132.523,-5348.23
60.3,6.16408,43004.5,-6747.48,31570.8,2815.08,-70.061,-5190.38
60.4,6.18553,43064.8,-6729.27,28832.6,2846.44,6.72913,-4986.52
60.5,6.21294,43070.2,-9181.17,26638.0,2861.29,73.6285,-4938.74
60.6,6.23616,43010.3,-13631.4,24261.8,2900.67,77.3185,-4977.28
60.7,6.2388,42872.8,-15929.8,21452.9,2895.16,76.2337,-4965.67
60.8,6.22354,42801.0,-16657.8,18380.1,2908.32,93.6253,-4907.96
60.9,6.21171,42867.5,-18261.0,16312.5,2887.54,118.26,-4965.36
61.0,6.20366,42953.3,-21783.4,15765.1,2822.93,64.8165,-5141.7
61.1,6.19757,43032.4,-24785.2,16299.8,2791.48,-25.0415,-5225.63
61.2,6.18958,43062.4,-24948.4,16449.7,2782.67,-76.0397,-5118.97
61.3,6.17275,43037.0,-22723.3,15521.1,2767.3,-53.9125,-4979.75
61.4,6.14506,43026.6,-20803.1,13055.0,2789.98,-54.0752,-4929.28
61.5,6.12004,43100.1,-19530.5,10105.4,2828.32,-37.3481,-4895.62
61.6,6.10667,43209.0,-15821.7,7560.02,2890.83,-3.1045,-4868.39
61.7,6.10171,43296.8,-12382.8,6296.83,2918.15,61.2959,-4789.39
61.8,6.10418,43344.6,-11014.4,6815.19,2934.11,87.4287,-4841.57
61.9,6.102,43326.6,-11492.8,8659.42,2929.79,49.3655,-5015.82
62.0,6.10342,43366.7,-11037.8,10557.1,2924.41,-7.60488,-5112.99
62.1,6.11598,43440.4,-7540.71,11183.3,2876.72,-65.4216,-5064.42
62.2,6.1354,43499.9,-4073.66,11234.2,2786.26,-62.1257,-4960.13
62.3,6.15446,43517.0,-3619.3,11560.7,2758.91,-78.5581,-4966.23
62.4,6.16599,43484.3,-4507.28,12972.0,2761.74,-126.73,-5051.05
62.5,6.16085,43406.2,-2826.8,14719.6,2731.97,-168.17,-5052.63
62.6,6.13921,43373.6,504.863,15985.5,2738.19,-123.122,-4929.18
62.7,6.11025,43405.4,3317.57,15709.8,2766.97,-22.8342,-4885.65
62.8,6.09019,43525.6,3493.18,15543.5,2780.19,127.916,-4977.87
62.9,6.07984,43629.0,1947.1,17825.5,2784.14,222.435,-5034.97
63.0,6.0639,43648.6,-842.229,22727.0,2787.11,148.452,-4987.67
63.1,6.05026,43690.9,-3800.73,29237.4,2805.43,-11.284,-5022.53
63.2,6.03659,43726.1,-7684.95,34701.9,2848.45,-132.807,-5142.74
63.3,6.02854,43804.3,-10752.6,36741.7,2882.27,-176.665,-5216.28
63.4,6.03108,43895.7,-11868.8,35724.0,2883.04,-153.824,-5180.28
63.5,6.03424,43935.5,-11443.6,32761.2,2895.37,-115.997,-5116.98
63.6,6.04772,44001.2,-11462.7,29924.6,2920.5,-18.497,-5063.49
63.7,6.06776,44012.8,-11404.3,27729.8,2946.91,60.9285,-5014.88
63.8,6.0803,43954.0,-10266.4,25334.1,2976.42,92.035,-4927.7
63.9,6.08611,43907.1,-9756.15,22623.5,2999.52,135.308,-4803.64
64.0,6.07457,43830.6,-11210.2,19779.7,3002.66,167.699,-4789.08
64.1,6.05306,43861.9,-15515.3,17712.3,3023.4,155.531,-4914.15
64.2,6.03929,43971.2,-19840.0,17421.4,3024.92,79.413,-5067.48
64.3,6.02349,44052.9,-21494.9,18468.2,2991.76,-46.5149,-5142.55
64.4,6.00741,44138.2,-23070.0,19015.3,2972.81,-136.114,-5084.63
64.5,5.99886,44208.7,-23453.7,18227.7,2954.55,-121.49,-5099.92
64.6,5.98825,44242.3,-23326.6,16594.4,2952.37,-19.3137,-5110.47
64.7,5.98464,44289.3,-22243.4,15148.7,2972.51,68.0216,-4969.6
64.8,5.98693,44328.2,-20330.8,15002.8,3008.43,92.3217,-4810.24
64.9,5.98697,44319.9,-19580.4,15535.4,3060.04,85.0116,-4791.16
65.0,5.98262,44294.8,-20275.8,15624.5,3094.77,70.489,-4884.34
65.1,5.96844,44281.3,-19740.1,14587.3,3126.34,74.6684,-5000.57
65.2,5.96435,44366.7,-17687.0,13487.4,3141.88,110.469,-5049.44
65.3,5.96861,44455.1,-15402.0,12663.7,3103.86,70.5334,-5070.62
65.4,5.98721,44569.2,-14329.4,12627.0,3103.49,3.01625,-5108.66
65.5,6.01846,44600.2,-14581.2,13394.7,3110.05,-25.586,-5084.35
65.6,6.03057,44491.1,-13758.5,14202.5,3073.04,-17.425,-4990.76
65.7,6.02336,44370.0,-11796.3,14760.3,3034.45,8.34225,-4872.96
65.8,5.99833,44317.5,-9792.52,15718.5,3010.63,38.6895,-4794.45
65.9,5.97213,44401.7,-9560.42,17337.2,3038.62,82.5902,-4801.65
66.0,5.96568,44550.1,-11078.5,19374.7,3092.96,98.8057,-4893.29
66.1,5.96296,44613.1,-10767.9,21661.4,3115.99,101.136,-5059.79
66.2,5.95128,44566.5,-9374.37,23605.9,3113.51,88.8025,-5118.81
66.3,5.92683,44499.1,-8335.3,24465.2,3111.98,25.074,-5096.76
66.4,5.91257,44613.4,-8245.05,25177.3,3134.13,10.6424,-5134.1
66.5,5.92778,44776.4,-9784.96,26501.2,3153.67,23.3884,-5145.49
66.6,5.95616,44873.9,-10629.5,28613.0,3194.46,-15.8649,-5086.15
66.7,5.98026,44814.3,-11098.0,30446.6,3235.57,-90.6113,-4957.59
66.8,5.97991,44638.8,-11272.3,31139.5,3289.06,-82.9169,-4923.66
66.9,5.95674,44535.0,-12485.9,29430.3,3323.41,-7.00031,-4951.98
67.0,5.94496,44631.2,-14032.4,25844.6,3347.51,86.4654,-4969.71
67.1,5.96098,44803.5,-13685.4,22460.7,3334.54,158.156,-4998.33
67.2,5.98966,44878.4,-13705.0,20545.9,3305.76,171.085,-5011.14
67.3,6.00785,44754.7,-15756.5,19842.1,3259.41,108.856,-5038.94
67.4,5.99615,44548.5,-17923.2,20091.5,3215.59,54.9904,-5149.76
67.5,5.95849,44449.4,-18532.3,20015.0,3210.92,29.3671,-5200.12
67.6,5.936,44598.1,-17933.6,20324.3,3271.26,63.2928,-5129.33
67.7,5.93195,44773.7,-17827.2,21368.9,3306.35,78.5315,-5019.37
67.8,5.93561,44870.5,-20539.7,22947.2,3352.02,52.8517,-4968.4
67.9,5.93641,44834.0,-22499.6,24231.2,3382.17,17.0069,-4986.34
68.0,5.92567,44741.2,-22019.9,24098.9,3409.01,22.1257,-4928.9
68.1,5.92441,44768.8,-21292.4,22889.3,3430.46,83.052,-4827.57
68.2,5.9456,44851.3,-23244.1,21637.1,3465.52,111.784,-4892.18
68.3,5.97616,44876.4,-28115.7,20459.2,3478.86,69.8818,-5102.53
68.4,6.00508,44795.2,-30424.1,19183.6,3477.28,43.6717,-5262.76
68.5,6.01389,44636.2,-28103.4,17562.3,3499.0,70.5792,-5224.84
68.6,6.00098,44491.1,-24734.2,14864.9,3477.84,92.6915,-5063.4
68.7,5.99224,44516.1,-22955.0,12398.1,3475.8,107.839,-5012.45
68.8,5.99636,44590.5,-22304.0,11596.8,3461.08,117.173,-4990.93
68.9,6.00471,44622.3,-20208.4,11952.8,3435.27,51.4126,-4847.45
69.0,6.01333,44588.8,-16303.0,13069.0,3410.86,-24.8289,-4699.58
69.1,6.00575,44452.1,-14579.2,13735.4,3378.02,-60.5781,-4703.34
69.2,5.98656,44416.3,-15436.9,13010.4,3396.09,-27.1715,-4882.74
69.3,5.98737,44501.3,-15770.5,11648.4,3419.95,41.9959,-5052.29
69.4,5.99852,44567.5,-13811.4,11246.0,3454.8,104.899,-5084.31
69.5,6.01412,44561.0,-10961.4,12621.7,3483.62,114.007,-5091.16
69.6,6.01932,44432.6,-10601.7,15548.6,3501.39,63.3823,-5125.32
69.7,6.00942,44306.4,-11066.8,18620.1,3526.75,7.01616,-5176.93
69.8,6.00845,44318.3,-8902.5,20584.3,3542.97,-23.7889,-5105.67
69.9,6.02794,44380.2,-4629.53,21155.2,3583.15,-47.8556,-4902.97
70.0,6.05813,44394.8,-2192.89,21454.5,3597.58,-55.2156,-4768.94
70.1,6.07802,44269.9,-3246.47,21903.4,3583.88,-65.9827,-4847.59
70.2,6.07759,44107.7,-5428.18,22135.5,3566.36,-77.3169,-4987.04
70.3,6.07042,44062.1,-4797.38,21407.3,3536.72,-31.3686,-5021.34
70.4,6.07066,44087.1,-3544.71,19368.5,3512.8,57.3554,-4963.99
70.5,6.07485,44120.5,-5147.35,16604.6,3525.33,140.665,-5004.88
70.6,6.07747,44087.1,-9183.5,14246.4,3536.59,166.689,-5156.49
70.7,6.07123,44005.0,-11574.3,13992.7,3529.76,156.024,-5187.07
70.8,6.04878,43908.0,-9330.48,15097.6,3505.16,49.7645,-5062.56
70.9,6.03822,43975.3,-6004.91,16939.5,3527.02,-46.858,-4914.79
71.0,6.05505,44084.4,-5820.73,18733.4,3588.92,-83.6492,-4894.13
71.1,6.08089,44106.7,-8181.65,19941.3,3621.89,-60.4132,-4960.51
71.2,6.11243,44046.0,-10282.3,20946.4,3689.46,-5.99325,-4975.42
71.3,6.12996,43854.2,-10843.5,22034.7,3717.86,39.2192,-4932.82
71.4,6.13344,43713.2,-12458.3,22983.1,3718.57,85.5319,-4946.5
71.5,6.14138,43663.7,-15965.3,23374.7,3710.92,105.348,-5079.97
71.6,6.15112,43630.0,-20198.7,22418.9,3690.66,92.818,-5199.92
71.7,6.16179,43590.7,-21263.4,20012.9,3636.91,81.9251,-5226.49
71.8,6.16665,43503.7,-21552.1,16730.8,3611.85,61.0084,-5116.04
71.9,6.1598,43413.5,-21289.4,13443.7,3577.66,36.6594,-5062.45
72.0,6.15594,43410.7,-20577.9,10843.3,3580.35,12.2535,-5071.88
72.1,6.16016,43430.0,-16982.7,9188.03,3565.33,-14.8331,-5024.03
72.2,6.16553,43439.5,-11244.9,8311.07,3517.88,-6.78941,-4862.74
72.3,6.17099,43413.0,-5869.63,7603.79,3501.56,3.25012,-4781.73
72.4,6.1718,43350.5,-4445.56,7092.3,3509.08,59.3208,-4824.68
72.5,6.1682,43296.9,-3276.31,6246.9,3513.43,83.2643,-4968.44
72.6,6.1701,43287.9,-619.865,5684.1,3547.42,86.9165,-5000.49
72.7,6.18399,43288.7,2595.25,6424.51,3560.62,67.2533,-4943.29
72.8,6.19996,43246.5,3272.6,8509.21,3550.37,-0.725875,-4972.51
72.9,6.21843,43176.9,1499.55,10894.5,3547.78,-111.79,-5118.42
73.0,6.24389,43137.6,1633.59,12883.3,3597.75,-161.759,-5199.5
73.1,6.27976,43079.0,5132.87,14381.7,3648.81,-121.076,-5072.0
73.2,6.31059,42943.0,7495.12,15796.9,3662.5,-87.3465,-4881.16
73.3,6.31917,42736.0,5814.75,17442.1,3648.07,-79.8745,-4906.9
73.4,6.30837,42572.4,3359.14,18476.4,3642.86,-89.49,-5058.42
73.5,6.29658,42539.0,3331.6,18753.9,3654.62,-16.139,-5031.97
73.6,6.29328,42556.1,5240.26,18096.1,3668.37,48.8885,-4895.99
73.7,6.2935,42544.6,2752.17,17486.0,3663.55,69.1452,-4930.03
73.8,6.28535,42466.1,-3206.1,18036.5,3642.38,58.1225,-5183.13
73.9,6.27496,42428.2,-8737.62,19898.9,3655.34,15.1692,-5275.91
74.0,6.27021,42449.5,-10329.2,21714.1,3644.73,-64.5244,-5117.18
74.1,6.28413,42521.3,-9620.58,23139.0,3596.09,-92.0583,-5006.24
74.2,6.29795,42494.4,-11035.6,22747.0,3538.16,-115.039,-5028.9
74.3,6.31707,42491.1,-12828.3,20824.2,3539.26,-75.2694,-5081.97
74.4,6.34283,42426.1,-11053.5,18730.9,3537.68,1.72816,-5031.89
74.5,6.36333,42318.7,-7315.24,17051.6,3586.53,54.242,-4901.58
74.6,6.39572,42269.7,-4955.5,16343.1,3642.46,75.1713,-4895.45
74.7,6.42549,42109.4,-6848.88,16467.4,3638.77,71.1616,-4968.32
74.8,6.43601,41936.3,-9324.18,16410.9,3619.21,63.472,-5047.04
74.9,6.44846,41842.0,-9397.86,15708.9,3594.65,24.8997,-5033.84
75.0,6.46108,41758.5,-10217.3,15369.9,3574.78,3.39625,-4942.8
75.1,6.46217,41655.8,-12772.7,14492.2,3543.6,-90.5194,-4985.03
75.2,6.45953,41581.1,-15641.5,13171.1,3482.99,-149.408,-5133.17
75.3,6.45086,41505.4,-14481.7,11981.3,3432.2,-120.372,-5165.69
75.4,6.43449,41455.6,-9864.03,10655.3,3369.5,-67.3165,-5029.54
75.5,6.43205,41496.1,-4968.88,10606.8,3325.18,-1.0895,-4940.89
75.6,6.43453,41476.9,-2315.49,12538.0,3328.14,44.4777,-4993.98
75.7,6.42864,41423.5,176.109,14339.6,3342.94,-10.8988,-5011.87
75.8,6.43128,41429.2,3869.94,14774.3,3395.59,-59.7827,-4903.25
75.9,6.43652,41399.6,6619.77,13599.2,3414.81,-56.4785,-4808.94
76.0,6.43978,41410.1,6212.2,10982.9,3401.43,-48.9055,-4893.86
76.1,6.4738,41515.1,4937.59,9745.73,3418.99,-26.7064,-5098.67
76.2,6.52198,41490.3,4190.1,12189.0,3410.38,-18.1816,-5130.69
76.3,6.56024,41355.3,3976.3,16575.8,3397.82,-95.7651,-5054.32
76.4,6.59287,41182.1,816.976,21613.0,3375.45,-107.241,-5060.13
76.5,6.59996,40930.0,-4112.49,24825.4,3383.58,-66.3809,-5143.65
76.6,6.59265,40836.9,-5743.85,25505.8,3388.26,20.0386,-5131.56
76.7,6.60132,40833.9,-5994.22,25785.9,3411.51,74.8948,-4910.22
76.8,6.59251,40758.4,-7309.95,26705.2,3400.38,16.1694,-4835.16
76.9,6.58045,40790.1,-12402.7,27578.0,3397.36,-67.676,-5003.74
77.0,6.57091,40763.3,-16687.8,27389.1,3379.83,-110.928,-5177.73
77.1,6.54778,40732.0,-15935.7,25347.5,3317.1,-42.6411,-5175.01
77.2,6.53629,40792.3,-12651.8,22090.2,3231.33,53.8186,-5067.62
77.3,6.53146,40784.0,-11412.3,19846.1,3145.92,102.152,-5059.24
77.4,6.5275,40806.4,-12839.7,19156.6,3128.11,101.002,-5136.37
77.5,6.54057,40863.4,-13146.3,19621.5,3131.17,68.5655,-5107.43
77.6,6.55697,40839.7,-10472.5,20455.4,3138.65,18.1758,-4960.31
77.7,6.57176,40859.5,-8655.08,20375.3,3154.69,-19.9722,-4832.9
77.8,6.59777,40892.5,-9362.52,19695.8,3169.28,-16.1973,-4877.21
77.9,6.62575,40880.5,-11659.3,19135.7,3170.42,1.8975,-4992.31
78.0,6.65452,40907.8,-12664.6,18574.9,3143.0,-10.9653,-5022.24
78.1,6.69166,40906.9,-13571.2,18532.3,3093.8,-25.99,-4984.28
78.2,6.70745,40823.2,-13630.9,18556.4,3028.3,-34.943,-5075.31
78.3,6.70004,40768.8,-12937.1,16726.5,2953.45,-72.6895,-5183.23
78.4,6.68372,40755.3,-9515.56,13409.1,2919.91,-60.0988,-5155.93
78.5,6.66097,40741.6,-6271.73,9526.3,2918.16,13.7786,-4989.88
78.6,6.63884,40756.2,-4520.04,6417.65,2890.7,59.5264,-4934.89
78.7,6.62369,40766.5,-3275.69,5499.44,2879.9,34.6203,-5021.52
78.8,6.60856,40760.9,-230.607,6376.72,2889.96,-27.4526,-4991.01
78.9,6.59673,40786.1,5014.48,7589.12,2882.06,-48.9872,-4848.78
79.0,6.58855,40774.5,7690.26,7779.93,2856.02,-50.3405,-4793.48
79.1,6.58459,40808.8,6825.04,7474.2,2803.89,7.01859,-4973.53
79.2,6.60197,40882.5,4226.65,8505.07,2761.03,70.2467,-5130.71
79.3,6.63299,40902.0,2412.93,12158.9,2735.9,57.7991,-5090.93
79.4,6.66144,40875.4,359.83,16819.9,2712.63,-70.408,-5021.56
79.5,6.67888,40841.0,-4098.1,20967.3,2713.41,-121.519,-5081.08
79.6,6.6774,40776.1,-8569.5,22581.6,2741.66,-86.3057,-5186.97
79.7,6.66941,40800.2,-10150.4,21687.6,2716.15,-1.4535,-5097.2
79.8,6.67799,40850.8,-9116.35,20925.1,2667.58,56.4649,-4913.01
79.9,6.68858,40838.8,-9106.42,21953.0,2636.51,37.9275,-4883.71
80.0,6.69379,40815.2,-11888.7,23738.0,2625.03,-46.2497,-5008.3
80.1,6.6775,40720.9,-14133.1,24952.8,2575.09,-84.235,-5130.17
80.2,6.62877,40640.6,-12691.2,23903.7,2552.62,-50.2228,-5164.29
80.3,6.58407,40713.4,-8495.59,20730.1,2535.17,19.1388,-5125.58
80.4,6.56591,40786.9,-6931.46,17857.1,2542.6,80.4218,-5076.33
80.5,6.56608,40839.6,-6465.64,16908.8,2586.34,75.4515,-5136.57
80.6,6.5802,40855.9,-5730.46,17704.5,2605.78,-3.7115,-5123.7
80.7,6.58749,40801.6,-3517.39,19623.4,2598.52,-75.151,-4965.99
80.8,6.5793,40774.3,-1522.58,20842.0,2591.26,-111.424,-4843.64
80.9,6.5779,40816.1,-3144.33,19962.5,2576.86,-123.523,-4878.62
81.0,6.59345,40868.1,-5530.5,17754.5,2563.33,-89.6099,-5048.24
81.1,6.616,40872.5,-5846.85,14866.5,2540.16,-39.9335,-5127.78
81.2,6.63576,40855.8,-3537.17,12519.2,2523.93,-12.279,-5099.92
81.3,6.63537,40770.8,-1262.18,11216.3,2486.31,-11.3444,-5118.05
81.4,6.61342,40729.3,-995.99,10689.9,2446.44,-13.9596,-5169.6
81.5,6.59081,40757.5,-1083.1,10170.8,2415.81,-27.2761,-5154.86
81.6,6.58259,40805.5,934.967,10381.6,2381.42,-4.83306,-5027.49
81.7,6.57658,40784.8,3732.85,11411.4,2347.32,-36.2379,-4870.26
81.8,6.56013,40746.7,5647.88,13041.2,2330.39,-123.34,-4848.49
81.9,6.5331,40726.4,7190.68,15179.5,2331.17,-165.484,-4950.15
82.0,6.49351,40681.3,8231.43,15992.9,2303.44,-193.693,-4977.15
82.1,6.47072,40789.9,10468.0,15125.2,2298.13,-164.298,-5010.4
82.2,6.48277,40880.4,11551.0,13616.5,2304.66,-71.4095,-5047.03
82.3,6.50658,40894.5,10112.2,12827.6,2324.51,11.8477,-5061.05
82.4,6.52557,40861.1,7547.72,13197.8,2387.23,6.8185,-5091.18
82.5,6.5339,40811.4,6510.61,14762.5,2454.84,-53.906,-5095.27
82.6,6.52815,40774.3,5915.46,16786.8,2484.49,-88.6547,-5003.96
82.7,6.52414,40810.2,5453.47,18331.8,2474.12,-101.915,-4953.67
82.8,6.53542,40853.8,3827.09,19893.9,2479.58,-114.112,-5003.91
82.9,6.54601,40899.9,3375.56,22075.6,2468.13,-113.335,-5092.02
83.0,6.54321,40838.8,2583.73,24184.0,2458.15,-140.114,-5039.03
83.1,6.52062,40764.3,1993.39,26532.6,2434.93,-119.51,-5030.46
83.2,6.48387,40770.5,-232.049,28124.5,2452.13,-92.7602,-5105.28
83.3,6.45474,40900.9,-589.734,28566.5,2446.84,-77.605,-5184.9
83.4,6.43882,41049.8,349.464,27927.8,2476.29,-71.7495,-5081.49
83.5,6.4206,41129.0,2727.23,25820.9,2501.79,-96.6361,-4975.64
83.6,6.40155,41187.9,2786.84,23176.8,2506.83,-74.8879,-4969.97
83.7,6.38851,41262.7,2394.54,21754.2,2534.67,-22.2726,-5055.7
83.8,6.38677,41362.6,2652.86,21829.5,2533.8,-41.5718,-5018.47
83.9,6.40424,41479.2,3982.75,23023.4,2511.85,-107.91,-4900.16
84.0,6.4275,41485.1,4104.85,23986.6,2503.72,-157.27,-4894.25
84.1,6.43857,41420.0,3408.25,22970.4,2478.03,-141.477,-4998.01
84.2,6.44478,41373.7,2280.23,20891.7,2448.55,-56.6974,-5016.93
84.3,6.44279,41346.8,2405.44,19691.8,2451.82,3.47712,-4983.88
84.4,6.43935,41384.6,1318.71,20294.0,2451.01,-14.9257,-4980.43
84.5,6.44132,41440.6,-1488.05,22501.2,2485.32,-79.6535,-5070.31
84.6,6.42792,41398.2,-4614.86,24379.1,2493.53,-133.809,-5127.17
84.7,6.39828,41401.6,-4785.75,24312.8,2505.39,-131.398,-5095.12
84.8,6.36887,41467.1,-2909.45,22434.1,2508.5,-101.145,-4992.72
84.9,6.33986,41576.6,-2434.23,20172.3,2488.0,-73.5253,-4925.12
85.0,6.3192,41728.8,-4186.23,18108.4,2455.92,-83.921,-4964.1
85.1,6.31349,41866.7,-6308.1,17574.4,2445.43,-54.6087,-5025.98
85.2,6.30325,41897.0,-7684.83,17522.2,2453.65,-43.3688,-5004.63
85.3,6.29072,41946.3,-8280.02,17224.5,2483.26,-16.7485,-4994.25
85.4,6.28266,41977.0,-9413.18,16530.5,2482.57,19.8819,-5044.43
85.5,6.27034,42052.2,-11801.6,15680.7,2498.1,73.9384,-5068.23
85.6,6.27912,42198.6,-12447.7,15429.9,2480.16,98.1123,-5089.07
85.7,6.30358,42300.4,-11015.9,16578.6,2517.01,42.3426,-5079.83
85.8,6.32501,42292.6,-8127.35,18173.9,2505.7,-67.3902,-5030.27
85.9,6.3412,42244.9,-5392.9,19713.4,2513.44,-127.173,-5000.03
86.0,6.33912,42156.5,-4463.3,20814.9,2557.48,-102.948,-4983.84
86.1,6.32631,42132.6,-4897.99,20957.9,2587.55,-67.6359,-4976.45
86.2,6.3183,42209.4,-6653.39,21481.8,2615.86,-5.75731,-4971.01
86.3,6.30792,42245.5,-8107.17,22322.4,2650.6,22.0481,-5005.12
86.4,6.288,42253.5,-8106.25,22587.5,2642.23,18.6162,-5051.26
86.5,6.26057,42241.3,-7571.6,21491.0,2634.7,-9.58113,-5045.94
86.6,6.22541,42279.5,-7303.24,18980.0,2642.57,-21.1181,-5045.42
86.7,6.20134,42423.6,-7449.8,15879.2,2644.35,-0.965875,-5087.25
86.8,6.20232,42601.0,-7290.55,14552.1,2667.69,25.4525,-5131.62
86.9,6.21166,42687.9,-6212.44,15240.5,2707.91,-38.1705,-5091.56
87.0,6.22344,42718.1,-5210.15,17501.1,2742.66,-92.1198,-5020.19
87.1,6.22591,42642.4,-4872.81,19543.8,2755.82,-106.283,-4994.81
87.2,6.21011,42612.1,-4709.48,19225.2,2758.61,-87.7635,-5005.11
87.3,6.21057,42738.9,-4256.0,16648.5,2708.53,-12.8772,-4941.35
87.4,6.23095,42864.5,-4950.12,14344.2,2666.78,87.5547,-4880.74
87.5,6.24905,42881.0,-6667.85,12591.6,2614.43,63.2425,-4965.05
87.6,6.2703,42870.5,-9994.33,13566.8,2591.44,44.3358,-5112.71
87.7,6.26705,42690.1,-11466.9,16371.4,2584.2,-27.905,-5218.04
87.8,6.23693,42626.4,-10575.3,17901.3,2594.42,-134.626,-5190.85
87.9,6.22306,42728.2,-9932.57,17928.3,2579.64,-111.679,-5077.89
88.0,6.20528,42793.2,-10986.3,16913.6,2614.35,-14.4126,-5046.42
88.1,6.18875,42892.8,-14285.1,14628.6,2627.73,12.679,-4993.76
88.2,6.18523,42952.8,-16480.1,13063.3,2617.83,-1.31681,-4897.85
88.3,6.16038,42868.0,-16891.1,12081.6,2613.88,-27.3241,-4815.68
88.4,6.1311,42913.4,-17772.8,10148.8,2584.18,-24.1569,-4815.44
88.5,6.12191,43023.2,-19721.6,7750.0,2548.49,9.23109,-4930.7
88.6,6.1101,43105.9,-21928.8,5647.49,2534.17,76.1939,-5060.19
88.7,6.11034,43238.3,-21156.4,3638.01,2483.1,84.2991,-5131.02
88.8,6.11714,43294.9,-19828.1,3185.19,2427.33,69.3248,-5058.37
88.9,6.11319,43317.4,-19550.8,3760.25,2447.36,34.0555,-4989.82
89.0,6.11817,43411.1,-19090.5,3636.16,2484.75,-35.2152,-4991.12
89.1,6.13432,43475.4,-16979.0,3574.19,2521.09,-42.532,-4926.71
89.2,6.13409,43448.4,-13425.4,3440.69,2552.17,-25.6507,-4764.8
89.3,6.13166,43477.8,-11241.7,3349.51,2590.72,-43.4613,-4691.8
89.4,6.12606,43471.2,-11207.9,3748.4,2601.28,-70.9477,-4825.92
89.5,6.10925,43483.9,-10834.2,3547.08,2598.3,-72.8112,-4993.15
89.6,6.0996,43565.2,-9861.95,2158.24,2599.71,-21.0688,-4981.3
89.7,6.09798,43621.1,-9432.21,589.861,2673.15,53.7055,-4948.66
89.8,6.0898,43629.5,-11195.4,-560.378,2750.24,92.2927,-5047.6
89.9,6.07972,43615.7,-13391.3,-819.487,2812.51,56.3775,-5142.04
90.0,6.05944,43590.4,-12723.9,498.19,2859.07,7.694,-5070.03
90.1,6.03617,43649.3,-9133.36,2275.92,2890.28,-48.9432,-4918.6
90.2,6.03043,43780.8,-8534.12,3672.65,2897.79,-107.124,-4831.76
90.3,6.03087,43878.2,-10510.1,4574.37,2897.18,-102.271,-4939.83
90.4,6.03011,43918.7,-11935.4,4735.33,2859.6,-45.0966,-5035.12
90.5,6.02947,43954.3,-11401.3,4564.81,2839.71,-1.02387,-4959.28
90.6,6.02914,44000.1,-9814.96,4612.74,2796.61,22.1656,-4891.98
90.7,6.0326,44073.9,-10864.8,4346.33,2786.0,5.01891,-4978.24
90.8,6.04041,44147.1,-12413.9,4024.01,2772.06,27.0504,-5141.88
90.9,6.04546,44159.1,-10507.8,3854.55,2748.94,47.4815,-5148.75
91.0,6.04541,44181.6,-6851.82,5173.54,2773.93,62.9495,-4971.41
91.1,6.04495,44183.1,-6218.46,7889.14,2822.26,-5.94644,-4877.85
91.2,6.04247,44187.1,-8912.32,11711.5,2850.09,-71.0378,-4995.0
91.3,6.03901,44184.3,-11030.4,14843.0,2872.75,-120.47,-5051.83
91.4,6.03122,44171.4,-10962.5,15645.5,2875.71,-141.928,-4879.24
91.5,6.02552,44168.2,-10611.7,14162.4,2839.77,-109.286,-4743.54
91.6,6.01267,44148.1,-13879.0,11268.9,2786.67,-36.2069,-4853.73
91.7,6.00506,44184.4,-18946.2,8667.9,2778.48,39.5703,-5061.04
91.8,5.99834,44203.4,-21202.0,7167.53,2757.86,64.7477,-5124.67
91.9,5.98788,44215.0,-20539.1,6490.65,2752.95,52.0132,-5055.92
92.0,5.97276,44230.3,-20278.7,5497.37,2780.27,29.9538,-5033.11
92.1,5.95472,44291.7,-21414.8,3438.35,2832.92,38.062,-5095.86
92.2,5.94631,44414.1,-21901.7,831.647,2861.03,69.0167,-5052.02
92.3,5.95323,44549.5,-20163.4,-661.305,2896.37,76.325,-4866.53
92.4,5.9664,44631.0,-17603.6,-185.157,2882.11,30.929,-4730.76
92.5,5.9763,44623.7,-17071.2,1494.38,2850.21,-45.0436,-4748.15
92.6,5.97253,44561.0,-16984.9,2575.54,2819.18,-99.8067,-4867.8
92.7,5.96305,44582.5,-14453.7,1653.7,2816.2,-67.3715,-4946.0
92.8,5.96145,44641.1,-10027.6,-663.421,2791.2,36.2299,-4935.34
92.9,5.9616,44700.7,-7006.34,-2417.8,2802.79,142.214,-4926.26
93.0,5.96804,44742.5,-8250.31,-2028.4,2857.6,172.378,-4966.18
93.1,5.9708,44682.9,-9592.8,674.547,2888.18,86.0351,-5017.37
93.2,5.96175,44620.0,-9949.02,4250.47,2970.42,-32.4028,-4915.68
93.3,5.94715,44582.6,-9189.72,6366.86,3009.54,-130.666,-4754.54
93.4,5.93536,44631.5,-10624.6,6704.07,3055.37,-126.71,-4738.67
93.5,5.93664,44727.7,-14803.2,6270.0,3106.87,-71.4123,-4867.61
93.6,5.94318,44774.1,-18464.2,6021.49,3116.19,-59.0565,-4988.66
93.7,5.94675,44757.0,-19478.8,6798.92,3105.02,-48.3742,-5031.29
93.8,5.93676,44691.9,-19120.1,7532.02,3109.39,-21.266,-5046.56
93.9,5.92033,44688.0,-18643.8,6656.88,3103.48,21.7372,-5081.99
94.0,5.90984,44775.7,-18499.8,4468.55,3083.41,91.4145,-5062.51
94.1,5.90403,44870.0,-17891.2,1721.39,3072.0,106.474,-4954.01
94.2,5.90878,44999.1,-15652.0,184.05,3095.34,74.2204,-4853.96
94.3,5.92219,45049.8,-15278.9,922.297,3114.4,-8.72775,-4767.2
94.4,5.92271,45004.3,-16927.1,2883.2,3140.71,-116.479,-4788.6
94.5,5.92102,45010.4,-20729.8,4138.26,3174.35,-152.562,-4862.71
94.6,5.92639,45043.9,-24205.5,4124.1,3190.02,-61.4548,-4929.49
94.7,5.93547,45078.5,-26876.8,3052.09,3202.48,68.005,-4956.41
94.8,5.9573,45114.7,-30176.0,2678.88,3205.42,166.167,-4950.25
94.9,5.97474,44999.6,-34678.5,3914.61,3192.12,152.093,-4981.11
95.0,5.9686,44835.5,-38541.1,5440.43,3198.03,62.0832,-5050.51
95.1,5.95747,44742.9,-39862.6,5222.92,3184.91,-33.1418,-5025.43
95.2,5.94396,44723.5,-36882.1,2535.51,3181.95,-59.0805,-4948.99
95.3,5.94164,44800.0,-32647.0,-1735.2,3173.88,-22.046,-4864.12
95.4,5.95638,44870.1,-29220.7,-5157.15,3193.38,19.6715,-4853.58
95.5,5.97122,44839.9,-27112.3,-6192.21,3236.72,33.8259,-4871.32
95.6,5.97731,44740.5,-24494.0,-5898.8,3258.44,5.74025,-4840.21
95.7,5.96971,44638.0,-22010.6,-5761.15,3230.38,35.1177,-4735.12
95.8,5.96019,44630.1,-21799.0,-6648.96,3247.96,114.814,-4685.28
95.9,5.95846,44697.3,-24063.5,-7992.66,3271.63,164.377,-4777.37
96.0,5.9672,44753.3,-26040.7,-8363.34,3287.06,115.793,-4912.82
96.1,5.9719,44733.2,-25721.1,-6462.59,3285.97,24.5599,-4958.51
96.2,5.97119,44686.0,-24329.6,-3404.78,3259.93,-73.0065,-4927.0
96.3,5.97876,44694.8,-23522.5,-633.106,3257.53,-134.723,-4979.15
96.4,5.9961,44703.3,-24120.4,605.136,3246.84,-132.855,-5010.5
96.5,6.02181,44693.5,-23431.4,601.386,3251.65,-46.0285,-4946.23
96.6,6.04438,44605.1,-20810.3,787.882,3272.44,54.1961,-4799.85
96.7,6.05042,44434.3,-20531.6,1750.83,3294.53,86.1458,-4669.76
96.8,6.04294,44312.2,-21880.3,3800.79,3321.07,77.2667,-4767.71
96.9,6.02999,44245.6,-24669.6,5992.74,3357.26,48.0705,-4938.49
97.0,6.0151,44240.0,-26018.9,6419.81,3378.99,0.75,-5002.19
97.1,6.00724,44276.2,-25784.3,4342.97,3359.88,-22.416,-5009.92
97.2,6.00712,44305.5,-26087.4,1158.56,3334.26,24.5417,-5050.18
97.3,6.00666,44298.9,-26445.4,-2047.43,3285.52,45.1533,-5089.97
97.4,6.0164,44334.3,-24749.4,-3569.8,3228.75,40.6912,-5016.39
97.5,6.03534,44335.7,-20878.9,-2856.57,3230.88,26.2973,-4819.22
97.6,6.05286,44307.9,-19061.3,-980.843,3284.57,31.0135,-4658.34
97.7,6.06307,44209.6,-21063.2,788.532,3339.15,53.5521,-4685.76
97.8,6.05022,44074.0,-25428.7,1673.1,3402.98,88.3899,-4811.39
97.9,6.0399,44099.9,-29059.8,1804.99,3470.42,145.366,-4859.99
98.0,6.05631,44204.2,-32056.6,1775.37,3504.06,156.773,-4821.24
98.1,6.09063,44234.8,-36029.8,2349.38,3494.99,114.353,-4884.87
98.2,6.12813,44148.7,-41451.8,3689.33,3483.38,60.0863,-5025.72
98.3,6.15066,43925.4,-45249.8,5185.5,3462.94,-4.85394,-5106.31
98.4,6.14987,43711.8,-45770.9,5605.98,3432.49,-67.2963,-5024.43
98.5,6.14202,43638.8,-44411.0,4166.84,3419.62,-78.8333,-4891.76
98.6,6.13793,43636.5,-43284.1,1278.66,3430.23,-2.47156,-4855.14
98.7,6.13598,43658.1,-41845.1,-2487.66,3481.7,97.6783,-4869.59
98.8,6.13447,43625.8,-38478.3,-6128.34,3482.17,171.426,-4818.96
98.9,6.12354,43530.9,-33260.4,-8726.85,3486.26,207.156,-4746.76
99.0,6.11275,43510.5,-30288.1,-10412.7,3496.64,211.138,-4718.99
99.1,6.12005,43561.4,-30116.3,-11336.8,3463.57,173.017,-4819.82
99.2,6.14186,43609.7,-31064.0,-11419.7,3445.01,105.616,-4928.76
99.3,6.16874,43587.5,-30367.1,-11040.8,3414.43,17.0265,-4940.95
99.4,6.19551,43508.3,-29780.7,-10004.7,3404.71,-36.043,-4890.31
99.5,6.20742,43361.1,-31604.8,-9624.27,3421.22,-92.6233,-4893.56
99.6,6.2158,43285.1,-33890.7,-10346.1,3420.17,-67.3968,-4956.51
99.7,6.23135,43232.8,-32953.8,-12055.3,3411.17,24.5187,-4931.87
99.8,6.2484,43182.2,-29193.1,-14238.4,3377.87,117.148,-4733.63
99.9,6.27313,43108.6,-25251.5,-15730.3,3334.48,179.7,-4603.41
100.0,6.28772,42930.8,-24749.7,-15588.1,3327.76,180.905,-4669.02
100.1,6.27939,42739.3,-25341.7,-14553.5,3282.69,115.418,-4799.97
100.2,6.26379,42657.9,-24775.7,-13166.6,3239.69,40.2485,-4862.79
100.3,6.24544,42646.0,-22684.8,-12325.6,3223.94,-32.1534,-4880.22
100.4,6.23473,42725.2,-22027.2,-12882.2,3205.27,-75.8558,-4940.94
100.5,6.23719,42784.1,-22522.2,-14490.3,3210.89,-69.1036,-5021.64
100.6,6.23706,42756.8,-22018.8,-15121.8,3199.68,38.5071,-4985.88
100.7,6.23736,42729.2,-19789.3,-14154.7,3209.35,107.801,-4821.27
100.8,6.25114,42723.4,-17781.2,-11471.4,3190.27,84.3008,-4656.69
100.9,6.27134,42701.0,-18133.8,-7760.91,3172.08,55.3181,-4621.92
101.0,6.29142,42640.6,-21211.5,-5129.2,3222.43,31.8863,-4684.83
101.1,6.31226,42570.1,-25126.3,-4536.63,3269.83,17.8043,-4773.47
101.2,6.32372,42459.1,-27654.2,-5559.23,3250.52,11.6836,-4907.74
101.3,6.33166,42400.5,-29684.1,-6650.14,3213.71,47.1355,-5022.59
101.4,6.34935,42391.8,-31309.7,-6610.75,3182.84,52.7069,-5096.04
101.5,6.37115,42354.4,-32421.7,-5295.19,3148.39,31.601,-5111.72
101.6,6.38786,42238.8,-31504.8,-3638.11,3116.39,8.3485,-5052.06
101.7,6.38393,42061.3,-29323.4,-2707.58,3116.06,5.694,-4899.05
101.8,6.36552,41958.3,-27025.0,-2654.0,3175.47,24.6175,-4748.16
101.9,6.34358,41939.3,-26219.5,-2939.73,3228.54,41.5633,-4694.64
102.0,6.32336,41984.6,-26987.5,-3133.47,3251.07,33.2427,-4724.62
102.1,6.31422,42062.3,-27545.4,-2974.21,3244.26,35.2067,-4816.08
102.2,6.31448,42129.0,-27866.4,-3135.32,3254.11,26.1028,-4906.11
102.3,6.32317,42142.0,-27691.8,-4649.21,3214.72,10.651,-5002.53
102.4,6.33903,42132.6,-28903.7,-7401.43,3180.75,35.3568,-5027.84
102.5,6.35719,42093.7,-30730.6,-10134.6,3135.1,93.491,-5019.13
102.6,6.38277,42071.7,-32077.2,-12128.4,3152.02,67.9514,-4977.94
102.7,6.41652,42048.2,-32678.3,-12712.3,3192.63,7.0895,-4894.05
102.8,6.44657,41923.6,-31565.9,-12379.4,3206.71,-25.2939,-4822.16
102.9,6.44721,41712.3,-29582.1,-11842.3,3145.31,5.28737,-4762.78
103.0,6.43322,41607.1,-27137.2,-11402.5,3074.58,52.5041,-4747.56
103.1,6.4275,41635.0,-25349.8,-10632.2,3027.35,74.4138,-4746.09
103.2,6.43653,41701.2,-24922.0,-9528.52,2968.35,84.0803,-4749.84
103.3,6.44913,41675.9,-25580.0,-8363.93,2900.68,52.5102,-4812.9
103.4,6.43774,41519.0,-26816.5,-7374.75,2816.32,-3.07181,-4907.2
103.5,6.40905,41439.0,-28137.3,-6595.98,2795.8,-47.4371,-4975.61
103.6,6.38477,41483.0,-28367.0,-6063.65,2801.8,-79.892,-5014.15
103.7,6.3779,41619.2,-26858.9,-5856.75,2844.67,-88.831,-5037.8
103.8,6.38616,41704.6,-24456.9,-6434.64,2871.59,-74.7233,-4985.19
103.9,6.39379,41679.6,-20948.4,-7585.31,2876.18,-6.68075,-4893.74
104.0,6.40019,41630.7,-17930.2,-8026.48,2893.02,111.637,-4752.15
104.1,6.40897,41580.0,-16066.6,-7424.74,2881.52,130.226,-4657.35
104.2,6.4289,41604.8,-16023.6,-5823.13,2889.57,59.4795,-4660.71
104.3,6.4631,41606.2,-17573.1,-3655.4,2885.0,4.038,-4738.92
104.4,6.48252,41485.4,-18814.8,-2271.1,2847.21,-33.7487,-4879.45
104.5,6.48227,41361.7,-19971.6,-2147.54,2827.67,-38.79,-5006.99
104.6,6.47179,41290.5,-21017.4,-2809.41,2839.09,-30.9107,-5091.91
104.7,6.45934,41315.8,-22033.9,-3266.73,2857.42,16.7482,-5119.6
104.8,6.45925,41396.6,-22284.5,-2997.38,2861.12,57.5325,-5066.77
104.9,6.46553,41417.5,-23407.4,-1142.12,2910.29,89.5851,-4884.13
105.0,6.46078,41347.5,-24991.6,1497.03,2966.06,60.7666,-4738.98
105.1,6.44141,41266.0,-26115.8,3401.26,2988.57,-20.6501,-4729.54
105.2,6.41461,41241.0,-25282.0,3861.38,2968.25,-45.4543,-4773.72
105.3,6.3945,41325.5,-24227.1,2725.42,2958.9,-32.7976,-4792.97
105.4,6.3959,41482.3,-23609.4,809.533,2913.07,-11.3386,-4917.76
105.5,6.41471,41558.6,-25290.8,-253.321,2856.28,21.3448,-5084.86
105.6,6.4283,41509.1,-28447.5,-329.543,2851.72,48.2511,-5166.23
105.7,6.43968,41457.9,-29244.3,251.107,2852.18,78.6559,-5144.54
105.8,6.44807,41376.4,-30012.9,912.038,2844.88,72.066,-4966.18
105.9,6.44631,41355.3,-30685.7,881.004,2840.34,30.666,-4826.65
106.0,6.45573,41415.5,-31471.3,129.504,2834.1,9.00825,-4791.5
106.1,6.46725,41416.6,-31145.9,-341.841,2808.91,12.9342,-4800.12
106.2,6.46549,41386.5,-29424.5,-700.958,2750.5,-15.0319,-4802.66
106.3,6.46064,41364.4,-27861.3,-499.663,2676.78,-11.4558,-4850.84
106.4,6.44588,41315.4,-28168.9,-8.75966,2594.76,29.2017,-4956.7
106.5,6.42789,41360.4,-29379.9,511.924,2535.22,99.295,-5064.92
106.6,6.42048,41419.3,-28416.7,942.351,2477.87,108.481,-5079.86
106.7,6.41355,41457.7,-26661.7,1926.56,2503.11,92.1875,-4957.86
106.8,6.40288,41451.2,-25525.1,2711.61,2518.19,30.7875,-4860.03
106.9,6.3818,41418.0,-26116.9,3000.28,2518.6,-46.7342,-4869.68
107.0,6.35521,41443.0,-25621.0,2638.23,2504.34,-74.4417,-4916.68
107.1,6.34695,41587.7,-23489.1,1656.81,2509.01,-65.2401,-4858.88
107.2,6.36169,41736.6,-19911.1,422.872,2505.83,-39.1172,-4814.0
107.3,6.3855,41775.9,-17395.4,-863.862,2495.43,0.36,-4854.98
107.4,6.40354,41723.9,-15386.1,-1580.16,2508.99,67.0761,-4950.68
107.5,6.40272,41605.7,-12605.9,-1833.56,2504.95,88.0412,-4947.77
107.6,6.39075,41580.0,-10465.7,-2231.36,2522.19,30.0312,-4843.01
107.7,6.38895,41672.7,-11235.0,-2609.32,2562.84,-4.54094,-4815.59
107.8,6.38758,41730.8,-14545.7,-3179.55,2589.67,-25.9719,-4910.13
107.9,6.38155,41755.5,-16891.7,-3775.1,2608.69,-47.7274,-4982.07
108.0,6.36905,41741.3,-16740.5,-2727.4,2610.33,-41.3846,-4930.1
108.1,6.34043,41712.0,-15700.8,-580.829,2599.16,-80.8208,-4869.35
108.2,6.32082,41830.6,-16723.9,1333.88,2597.99,-118.123,-4911.81
108.3,6.32285,41973.9,-19316.7,2563.93,2613.15,-74.5245,-5000.14
108.4,6.32247,42001.4,-20498.7,2006.67,2634.75,-31.5672,-5009.86
108.5,6.31222,41994.8,-19770.7,-356.79,2641.3,-23.6462,-4937.99
108.6,6.29715,41980.2,-21096.5,-2374.97,2653.43,27.8897,-4892.05
108.7,6.27666,42019.5,-24685.8,-4025.53,2693.76,30.93,-5006.27
108.8,6.27813,42199.5,-27727.2,-5719.84,2702.55,3.005,-5112.25
108.9,6.30686,42316.0,-27003.3,-6219.73,2702.36,25.324,-5068.26
109.0,6.32033,42255.4,-25866.7,-6033.41,2679.86,35.5718,-4901.6
109.1,6.32709,42200.7,-25548.0,-5591.36,2640.03,-10.605,-4908.44
109.2,6.33054,42151.8,-25429.6,-3748.76,2592.04,-30.6357,-5018.71
109.3,6.32189,42151.3,-23514.8,-1538.35,2547.45,-43.6885,-4987.0
109.4,6.32711,42246.9,-20446.6,171.422,2537.14,-86.5667,-4844.03
109.5,6.33504,42273.7,-19981.3,2120.25,2563.08,-77.7786,-4824.33
109.6,6.31668,42182.0,-22624.9,2950.53,2593.72,-72.8773,-4967.73
109.7,6.29249,42175.2,-24773.5,3239.04,2613.74,-14.8041,-5062.04
109.8,6.26455,42186.0,-23285.8,3279.41,2601.99,11.0367,-4985.55
109.9,6.24126,42313.4,-19656.5,2877.86,2557.93,-0.305313,-4881.39
110.0,6.24135,42462.3,-18121.1,2321.58,2472.71,-36.7518,-4875.31
110.1,6.24114,42495.3,-18541.7,3031.9,2405.56,-21.8942,-4958.9
110.2,6.2291,42484.2,-18949.2,4565.12,2374.4,-35.2853,-4971.52
110.3,6.21995,42509.6,-18259.0,7068.48,2363.65,-84.076,-4907.35
110.4,6.2052,42541.6,-17510.2,8844.51,2395.11,-159.69,-4885.69
110.5,6.19851,42677.9,-16226.4,8091.75,2446.01,-165.121,-4953.35
110.6,6.21221,42805.8,-14327.0,5109.7,2502.94,-71.0271,-4953.42
110.7,6.22421,42834.8,-11714.5,2428.41,2531.21,85.9549,-4872.78
110.8,6.23548,42826.8,-11317.2,1629.4,2583.03,110.532,-4811.75
110.9,6.24311,42790.9,-13118.2,3604.08,2643.83,13.4513,-4892.86
111.0,6.23957,42739.8,-15381.7,6631.7,2694.82,-98.2377,-4990.63
111.1,6.22423,42723.9,-15331.1,7848.57,2692.68,-162.91,-4999.42
111.2,6.20763,42773.5,-13357.6,7364.62,2679.17,-101.247,-4956.43
111.3,6.19046,42828.1,-13653.1,6760.8,2686.29,-16.9347,-4918.78
111.4,6.1768,42925.5,-16217.3,8049.3,2700.22,21.7755,-4972.16
111.5,6.17372,42989.3,-20653.9,12027.7,2714.94,11.1243,-4988.32
111.6,6.1601,42962.7,-23139.9,16314.0,2735.14,-60.1005,-4949.85
111.7,6.14132,42986.9,-24115.1,18266.9,2764.5,-91.214,-4892.04
111.8,6.1262,43032.8,-25082.2,16761.7,2820.6,-73.3095,-4907.11
111.9,6.10689,43117.8,-26727.1,12638.5,2830.67,-14.5052,-4987.98
112.0,6.10851,43288.5,-27851.8,8660.44,2830.01,38.5099,-5063.83
112.1,6.12147,43394.1,-27264.7,7062.59,2870.26,18.9657,-5090.64
112.2,6.13641,43434.8,-25965.0,6883.31,2901.04,-61.8531,-5054.28
112.3,6.15426,43424.5,-24717.4,6932.95,2923.51,-75.5963,-5007.2
112.4,6.15496,43331.5,-23852.2,6093.71,2892.23,0.2035,-4942.36
112.5,6.14635,43330.7,-22839.7,3821.82,2878.29,64.1191,-4843.75
112.6,6.15567,43424.9,-22372.6,2648.52,2848.28,114.018,-4742.0
112.7,6.1652,43454.1,-23361.3,4190.59,2817.78,101.16,-4738.52
112.8,6.16377,43418.3,-25853.4,7333.71,2789.26,-4.63744,-4845.9
112.9,6.1553,43355.0,-27754.3,10886.5,2787.39,-108.501,-5005.49
113.0,6.12359,43272.2,-27259.9,12839.1,2763.87,-137.147,-5099.18
113.1,6.08832,43333.8,-25290.9,11907.2,2716.35,-100.814,-5105.33
113.2,6.07465,43502.4,-23295.1,10357.3,2665.1,-1.16813,-5072.11
113.3,6.0711,43630.0,-22765.4,9944.8,2662.57,65.1254,-5006.6
113.4,6.07701,43713.5,-22281.8,11366.8,2642.33,49.5595,-4912.4
113.5,6.07698,43666.0,-21158.5,14317.8,2616.21,-14.3743,-4813.11
113.6,6.05395,43593.4,-18743.8,16265.3,2619.46,-94.374,-4774.65
113.7,6.03232,43661.3,-17285.0,14821.1,2604.35,-138.946,-4774.23
113.8,6.02596,43819.8,-17123.4,11027.4,2590.77,-67.4987,-4857.61
113.9,6.03236,43980.1,-17547.9,6568.54,2602.79,31.5175,-4995.83
114.0,6.06227,44123.9,-16967.4,4337.54,2633.78,87.453,-5108.26
114.1,6.09392,44070.1,-16139.9,5635.35,2671.28,43.5272,-5089.85
114.2,6.10048,43924.2,-15844.7,8692.6,2741.69,-40.0973,-5026.27
114.3,6.09673,43824.0,-16747.6,11080.3,2799.94,-64.7181,-4975.38
114.4,6.08227,43785.0,-18978.2,12212.7,2863.17,-13.578,-4901.93
114.5,6.06611,43850.0,-20952.7,12806.2,2903.71,44.472,-4836.17
114.6,6.06082,43933.8,-23482.3,14586.9,2902.3,22.7899,-4801.33
114.7,6.04781,43919.5,-26967.1,18550.6,2875.4,-45.7272,-4881.61
114.8,6.02002,43886.3,-30452.8,22630.1,2821.24,-123.479,-5042.25
114.9,5.99165,43916.7,-32360.6,24565.0,2750.57,-147.244,-5165.29
115.0,5.97132,44030.5,-33171.1,23562.9,2711.8,-71.5164,-5162.58
115.1,5.97091,44214.6,-34403.2,20154.5,2768.13,28.6571,-5112.81
115.2,5.98677,44334.8,-36257.1,16343.5,2848.3,70.4873,-5102.66
115.3,5.99641,44324.4,-37660.3,13924.3,2945.61,68.7101,-5079.61
115.4,5.99205,44273.4,-35844.9,12351.5,3018.45,3.0795,-4996.45
115.5,5.98914,44308.3,-31772.1,10564.3,3069.32,-39.9046,-4878.07
115.6,5.99659,44385.4,-28176.1,7644.43,3072.52,-29.754,-4818.25
115.7,6.01512,44477.2,-25975.1,4680.94,3039.51,73.3629,-4873.66
115.8,6.04622,44500.5,-26194.0,3769.23,3017.44,150.935,-4913.4
115.9,6.07101,44408.5,-27757.0,6616.29,2974.53,133.451,-4906.15
116.0,6.07808,44253.5,-30815.1,11470.1,2960.97,-9.21875,-4913.31
116.1,6.07073,44141.1,-35001.7,15759.6,2958.84,-115.288,-4969.35
116.2,6.05392,44098.1,-39291.7,17113.7,3009.01,-108.056,-5031.41
116.3,6.03561,44133.0,-40861.2,15573.5,3046.53,-35.0127,-5062.85
116.4,6.01951,44174.7,-40790.3,13121.5,3061.67,7.06175,-5020.37
116.5,5.9996,44191.5,-38948.4,11752.4,3047.51,7.77975,-5004.32
116.6,5.97902,44213.6,-35595.4,11530.6,3006.24,-2.0425,-5012.1
116.7,5.96469,44264.0,-32493.9,11228.1,2956.22,-11.0465,-4935.31
116.8,5.95877,44346.6,-29726.9,9933.69,2894.33,24.6954,-4852.77
116.9,5.96274,44419.6,-27957.3,7686.37,2864.6,56.4055,-4828.1
117.0,5.96306,44445.2,-26277.2,5677.46,2802.5,67.0038,-4843.35
117.1,5.96374,44480.0,-25563.9,4716.04,2781.72,21.2164,-4829.07
117.2,5.96969,44545.8,-25164.9,4266.18,2796.86,-61.255,-4885.73
117.3,5.98902,44629.1,-25035.9,3349.67,2835.86,-92.3161,-5006.71
117.4,6.01408,44631.4,-25095.6,1253.38,2875.94,-69.7616,-5028.77
117.5,6.03203,44564.3,-24358.9,-1711.91,2931.29,-12.0601,-4964.38
117.6,6.04564,44469.3,-22899.4,-4343.98,2991.7,36.0222,-4883.36
117.7,6.05006,44377.7,-22330.1,-4925.58,3029.14,85.5271,-4821.82
117.8,6.05046,44324.5,-22572.5,-3487.35,3082.21,75.1048,-4798.41
117.9,6.0461,44270.4,-23288.9,-723.577,3101.38,18.9326,-4803.67
118.0,6.02778,44199.7,-24839.4,1953.63,3117.51,-21.1875,-4812.67
118.1,5.99822,44153.6,-27314.8,3717.46,3090.06,5.9695,-4874.39
118.2,5.961,44161.9,-29678.3,4677.39,3018.31,43.3375,-4987.38
118.3,5.9314,44284.0,-30957.4,5628.86,2971.57,58.0731,-5058.25
118.4,5.93347,44499.4,-31608.8,7996.12,2988.19,82.854,-5041.65
118.5,5.948,44573.3,-32092.6,10987.3,2990.97,34.2355,-5005.51
118.6,5.95273,44544.0,-32814.1,13534.8,3036.9,-23.3202,-5001.4
118.7,5.94421,44472.5,-33171.2,14253.2,3108.36,-49.2038,-4961.8
118.8,5.93055,44511.5,-30945.3,12573.4,3181.64,-28.9115,-4915.53
118.9,5.93766,44704.1,-28033.5,9226.4,3262.03,22.404,-4854.65
119.0,5.9718,44863.0,-25510.1,6079.43,3287.5,75.019,-4873.69
119.1,6.00577,44857.5,-23847.4,4310.04,3288.85,109.799,-4935.94
119.2,6.03109,44733.8,-23021.1,3962.07,3275.63,120.068,-4954.63
119.3,6.03826,44543.9,-21971.8,4372.9,3230.07,96.3215,-4934.99
119.4,6.03027,44443.4,-21823.7,4654.17,3189.76,79.2011,-4898.53
119.5,6.03113,44466.5,-24007.3,4855.59,3179.16,73.7377,-4887.79
119.6,6.02878,44449.3,-26335.2,5436.35,3168.34,39.4408,-4944.33
119.7,6.01973,44412.9,-28096.1,6339.03,3219.76,-36.8246,-4982.44
119.8,6.00022,44336.0,-28044.0,7081.79,3259.76,-99.7788,-4963.19
119.9,5.96543,44262.0,-26541.4,6262.02,3282.37,-115.622,-4958.31
120.0,5.93189,44328.0,-25487.9,3089.06,3282.14,-46.519,-4964.75
120.1,5.92431,44504.6,-24951.9,-1179.0,3237.79,85.9591,-4936.59
120.2,5.93926,44658.6,-23569.7,-3930.15,3190.55,210.737,-4885.68
120.3,5.96315,44694.2,-21521.3,-4317.06,3140.1,172.768,-4807.71
120.4,5.98062,44626.3,-19617.4,-2385.35,3111.16,48.0495,-4796.86
120.5,5.97849,44497.8,-18912.3,-576.439,3076.13,-63.0131,-4860.19
120.6,5.97584,44524.1,-18307.5,-563.512,3078.21,-81.4057,-4961.21
120.7,5.99267,44642.2,-17651.6,-2245.91,3097.36,-48.913,-4971.25
120.8,6.03026,44739.8,-16863.6,-3184.6,3167.3,18.8795,-4948.51
120.9,6.06907,44666.3,-18837.0,-2038.65,3224.33,27.9131,-4902.21
121.0,6.08716,44445.3,-21690.3,508.612,3272.76,-40.165,-4941.52
121.1,6.08181,44234.5,-23154.1,2810.16,3289.84,-72.22,-4955.93
121.2,6.06656,44127.7,-21983.6,3473.58,3275.68,-33.8785,-4879.32
121.3,6.04996,44134.8,-21195.7,2758.43,3239.42,23.9792,-4816.18
121.4,6.04238,44190.1,-22722.7,2913.08,3235.01,79.2247,-4938.37
121.5,6.02803,44150.7,-25361.2,5415.39,3205.54,77.6107,-5116.57
121.6,5.996,44075.4,-24682.7,9501.93,3166.11,8.7025,-5163.61
121.7,5.96749,44111.3,-22048.0,13709.7,3158.03,-48.5918,-5003.36
121.8,5.95596,44226.1,-20939.9,16859.8,3156.53,-39.0586,-4891.91
121.9,5.9626,44367.2,-23496.0,18352.6,3190.14,-11.7525,-4937.01
122.0,5.98494,44438.4,-27021.2,19066.4,3239.24,-18.5898,-4985.72
122.1,6.00223,44411.1,-26952.7,19757.8,3282.71,-48.6006,-4939.45
122.2,6.01492,44362.9,-24483.4,20208.8,3298.52,-79.9284,-4875.09
122.3,6.02243,44325.9,-22996.8,19574.3,3285.0,-95.3734,-4937.45
122.4,6.02784,44334.9,-23419.0,17354.8,3258.64,-47.1784,-5086.38
122.5,6.04743,44407.3,-22804.2,14179.5,3253.5,67.3717,-5163.07
122.6,6.07404,44393.3,-20072.3,11046.7,3219.58,122.898,-5035.87
122.7,6.09151,44300.7,-17231.8,9436.92,3187.7,126.249,-4861.1
122.8,6.10195,44164.2,-17215.1,10402.1,3190.29,87.4656,-4809.62
122.9,6.09016,44000.0,-19279.9,12769.7,3208.27,-13.4705,-4856.58
123.0,6.077,43972.2,-20273.0,15375.0,3278.78,-98.4664,-4908.58
123.1,6.06175,43948.3,-19807.7,17259.3,3320.38,-124.974,-4904.22
123.2,6.03914,43943.2,-20128.6,18396.9,3355.19,-75.408,-4942.99
123.3,6.01984,43971.8,-22744.6,18999.1,3368.85,-28.164,-5043.69
123.4,6.00776,44011.6,-26007.1,19824.2,3339.8,11.5092,-5106.63
123.5,6.00523,44072.1,-28393.4,21201.5,3307.35,54.784,-5037.98
123.6,6.01365,44111.4,-29223.2,21963.0,3264.81,34.1317,-4930.73
123.7,6.02996,44139.8,-31094.1,21672.1,3249.31,-0.38675,-4882.02
123.8,6.0448,44114.2,-32896.2,20202.8,3221.08,-4.1755,-4924.87
123.9,6.05374,44091.1,-34409.3,17612.8,3226.97,2.546,-4969.41
124.0,6.06831,44119.8,-34959.7,15168.8,3228.68,36.173,-4989.64
124.1,6.08802,44132.8,-35627.2,13870.7,3222.15,84.996,-5022.14
124.2,6.10433,44100.0,-35951.8,13312.2,3236.96,97.2063,-5091.38
124.3,6.11981,44048.1,-34202.7,13571.1,3233.97,129.42,-5110.4
124.4,6.12439,43923.7,-31841.5,14510.9,3222.99,150.243,-4976.98
124.5,6.11523,43834.4,-30740.7,15791.6,3209.57,134.291,-4832.99
124.6,6.1114,43822.7,-31722.8,17513.9,3202.46,73.8856,-4845.56
124.7,6.10541,43791.2,-33799.3,18779.4,3206.62,-11.2502,-4913.58
124.8,6.09742,43776.5,-32935.9,19324.5,3187.88,-30.9473,-4965.23
124.9,6.08909,43742.1,-29570.3,19474.4,3181.9,3.18088,-4960.21
125.0,6.07512,43699.4,-27579.3,20018.6,3162.52,61.816,-4959.19
125.1,6.06453,43696.2,-28011.6,20794.4,3145.24,72.4305,-5047.04
125.2,6.05979,43731.8,-29160.2,21810.0,3137.27,83.7677,-5107.54
125.3,6.05861,43749.0,-28285.6,21845.1,3126.41,75.7919,-5007.24
125.4,6.06113,43783.6,-27773.6,20637.4,3133.46,81.4836,-4818.53
125.5,6.07334,43827.3,-29137.9,18778.2,3180.32,71.2152,-4812.15
125.6,6.08107,43820.3,-30798.5,16508.6,3197.24,33.7245,-4991.28
125.7,6.09629,43864.4,-30467.8,14918.1,3217.59,49.0132,-5078.8
125.8,6.1143,43859.1,-28430.9,14396.6,3210.08,88.88,-5004.35
125.9,6.12297,43822.2,-26555.5,14568.2,3159.51,116.906,-5010.58
126.0,6.13631,43806.2,-27287.2,16111.2,3107.36,178.115,-5090.4
126.1,6.14222,43735.1,-27515.2,19000.5,3102.06,193.571,-5113.77
126.2,6.13774,43667.1,-24717.6,22042.6,3109.95,127.374,-4988.06
126.3,6.13171,43603.4,-21756.0,25171.2,3099.62,52.451,-4841.67
126.4,6.10894,43526.1,-21812.9,28239.1,3126.19,12.542,-4868.07
126.5,6.0838,43542.8,-24056.0,30430.7,3141.3,-7.11975,-5001.43
126.6,6.07656,43629.7,-26300.1,32396.8,3157.64,-3.10225,-5045.01
126.7,6.06645,43650.4,-26817.6,33398.4,3121.18,7.811,-4993.99
126.8,6.06498,43720.7,-26976.3,32423.3,3080.85,40.7306,-4992.06
126.9,6.07609,43749.5,-30419.7,30450.4,3057.79,130.089,-5001.0
127.0,6.07711,43716.0,-34759.6,27744.3,3058.68,178.414,-5038.24
127.1,6.08289,43753.6,-38340.6,24953.0,3106.7,161.095,-5032.09
127.2,6.09637,43754.6,-40434.8,23097.0,3152.78,117.761,-5005.39
127.3,6.09847,43739.2,-41498.0,20968.3,3202.5,52.6496,-5012.7
127.4,6.10905,43774.0,-42662.2,17662.7,3236.45,20.8292,-5036.83
127.5,6.12355,43770.3,-41630.9,14004.7,3257.79,71.5835,-5069.27
127.6,6.12744,43720.7,-38774.9,10421.5,3217.36,143.895,-4980.6
127.7,6.13898,43731.6,-35390.3,8770.98,3152.98,191.805,-4846.67
127.8,6.14503,43657.6,-33442.0,9759.22,3060.48,158.562,-4799.14
127.9,6.13533,43588.9,-33736.2,11553.9,2996.99,61.1945,-4848.9
128.0,6.11998,43547.1,-34055.4,12366.6,2934.22,-6.14012,-4890.31
128.1,6.08938,43497.9,-33268.3,11501.2,2906.47,3.43337,-4903.83
128.2,6.05631,43569.7,-31913.5,8474.42,2933.01,7.95612,-4919.61
128.3,6.04994,43736.4,-31394.4,6102.99,2954.08,58.9334,-4967.8
128.4,6.05271,43795.5,-31623.7,6026.23,2970.13,84.06,-4995.32
128.5,6.057,43842.0,-29972.5,7719.69,2976.24,59.89,-5001.1
128.6,6.07866,43849.3,-26942.0,10986.2,2982.34,30.037,-4911.99
128.7,6.08715,43774.9,-23800.6,14251.0,3009.16,-1.85675,-4836.89
128.8,6.09226,43758.4,-21305.3,15398.6,3011.93,-39.8763,-4853.73
128.9,6.10358,43762.6,-20078.5,15117.8,3045.51,-40.4963,-4897.89
129.0,6.1047,43744.6,-20262.3,14144.2,3083.66,-13.479,-4914.17
129.1,6.11202,43797.0,-21200.1,13122.0,3110.78,-2.7215,-4952.08
129.2,6.13066,43791.0,-22210.4,13944.5,3123.56,17.126,-5041.77
129.3,6.1309,43694.7,-22527.9,15842.6,3132.45,22.2266,-5075.29
129.4,6.1283,43651.9,-21952.8,18122.8,3115.93,28.3349,-5022.96
129.5,6.1169,43579.7,-20752.7,20893.7,3087.99,44.2612,-4974.7
129.6,6.08458,43549.4,-19836.5,23549.0,3062.22,44.6285,-4961.47
129.7,6.06168,43653.3,-21199.0,26186.3,3076.36,5.19694,-4923.05
129.8,6.04357,43741.8,-23048.2,29227.5,3079.52,-35.4385,-4935.5
129.9,6.02489,43829.1,-24802.7,31385.2,3104.88,-73.1507,-4995.27
130.0,6.01752,43903.4,-26789.5,32081.3,3093.43,-89.6293,-5014.26
130.1,6.00995,43938.2,-28141.4,31293.1,3088.27,-56.1105,-5038.31
130.2,6.01349,44024.7,-29912.2,28835.5,3091.79,-4.89756,-5049.3
130.3,6.03807,44117.4,-32564.4,25167.5,3122.06,20.9993,-5046.44
130.4,6.07033,44133.8,-34235.0,21795.7,3135.95,83.1539,-5063.93
130.5,6.09427,44048.0,-34433.9,19142.0,3136.7,111.627,-5051.02
130.6,6.10204,43915.3,-33887.8,17180.5,3136.67,67.7835,-5012.89
130.7,6.09976,43853.5,-33362.9,15933.8,3155.93,42.4205,-5009.97
130.8,6.09306,43839.4,-33441.3,14091.5,3160.72,40.4668,-5027.64
130.9,6.0931,43893.9,-33097.4,12041.3,3140.37,98.7598,-4994.9
131.0,6.10029,43922.4,-31638.7,11351.2,3121.31,158.335,-4924.58
131.1,6.09815,43860.2,-30178.9,12430.7,3072.3,129.292,-4860.4
131.2,6.08451,43789.7,-29984.3,14704.1,3013.88,36.5908,-4854.41
131.3,6.06147,43746.1,-30969.2,16372.6,2990.15,-38.3078,-4904.88
131.4,6.03518,43798.4,-31938.8,15490.6,3007.75,-43.1377,-4955.89
131.5,6.02403,43924.6,-32025.0,12320.0,3015.32,27.1315,-4975.33
131.6,6.01771,43998.8,-31392.9,9044.57,3056.55,130.355,-4981.64
131.7,6.01067,44033.2,-31084.2,7037.48,3124.38,167.176,-4976.2
131.8,6.01149,44075.8,-29306.2,6786.18,3166.7,140.686,-4988.93
131.9,6.02036,44110.1,-27258.0,7743.92,3205.45,110.961,-4907.03
132.0,6.03934,44163.1,-24996.9,8620.29,3243.21,105.282,-4825.27
132.1,6.06864,44172.4,-22538.5,9106.89,3223.76,79.7829,-4828.2
132.2,6.09358,44121.4,-22296.7,10254.7,3240.41,64.3273,-4854.69
132.3,6.10335,44019.6,-22417.9,11865.7,3241.78,17.7033,-4925.24
132.4,6.11003,43965.6,-22648.7,14283.9,3237.46,7.14514,-4999.52
132.5,6.10659,43907.1,-22728.1,16932.7,3216.23,23.5776,-5036.07
132.6,6.09903,43895.3,-22463.0,19033.0,3214.54,49.6666,-5038.73
132.7,6.09602,43899.1,-22311.1,20937.0,3247.3,97.6743,-5018.62
132.8,6.08552,43850.5,-23507.1,23440.1,3285.05,148.824,-4983.97
132.9,6.06006,43775.9,-25511.5,25861.0,3314.09,110.061,-4965.69
133.0,6.03375,43797.1,-29178.3,27955.9,3345.21,38.6985,-4948.06
133.1,6.00749,43853.2,-31464.5,28423.7,3321.36,-1.81075,-4994.37
133.2,5.99715,44014.3,-32944.3,27395.6,3313.03,45.965,-5034.08
133.3,6.00918,44148.3,-33961.7,26030.5,3300.97,125.129,-5057.12
133.4,6.02938,44183.4,-34306.1,26173.7,3300.88,173.759,-5110.93
133.5,6.04595,44127.1,-36150.9,27601.4,3340.43,151.07,-5109.88
133.6,6.05562,44044.3,-38105.1,28498.4,3380.58,83.3435,-5081.48
133.7,6.0658,44026.6,-40539.6,27323.4,3445.97,86.4995,-5015.4
133.8,6.08522,44049.5,-41686.3,23425.3,3477.05,121.165,-4942.12
133.9,6.11153,44055.8,-41185.2,18721.0,3458.54,161.646,-4884.26
134.0,6.13626,43992.9,-38979.3,16047.2,3432.17,183.4,-4873.02
134.1,6.14375,43836.3,-36646.6,15728.4,3387.0,118.445,-4888.89
134.2,6.13519,43717.3,-35212.2,16647.4,3338.53,52.2057,-4937.62
134.3,6.11861,43662.4,-33506.8,17087.4,3319.14,50.7335,-4999.08
134.4,6.10178,43681.5,-33855.7,16100.9,3322.3,111.188,-4933.4
134.5,6.08988,43739.7,-35404.3,13790.2,3343.59,142.632,-4866.26
134.6,6.08421,43771.8,-37841.2,12428.3,3356.19,159.267,-4868.63
134.7,6.07403,43735.0,-40564.2,12666.0,3371.93,104.267,-4873.42
134.8,6.0634,43736.2,-40704.5,13671.8,3364.06,0.0638125,-4884.68
134.9,6.06158,43751.7,-38562.1,13591.3,3343.55,-92.6691,-4889.38
135.0,6.06499,43792.6,-36506.3,11070.7,3349.28,-54.4354,-4893.32
135.1,6.08645,43868.9,-34899.5,6542.47,3385.97,77.6178,-4952.37
135.2,6.11967,43873.6,-35576.0,3031.3,3455.72,214.767,-4953.76
135.3,6.15133,43791.5,-35215.6,2917.75,3486.84,249.311,-4958.09
135.4,6.17429,43665.5,-33489.7,6054.89,3494.0,143.451,-4937.1
135.5,6.18376,43521.3,-30725.5,10064.2,3485.07,-5.28963,-4890.19
135.6,6.18764,43469.7,-28717.3,12021.8,3510.46,-80.5374,-4863.04
135.7,6.1933,43439.9,-26986.4,11179.0,3496.71,-62.8159,-4904.9
135.8,6.19502,43401.3,-26472.2,10188.9,3484.88,19.6595,-4930.8
135.9,6.18859,43331.8,-25956.7,11780.8,3435.28,47.5008,-4938.59
136.0,6.18019,43292.9,-26483.4,16424.8,3430.04,-5.73275,-4939.71
136.1,6.17572,43285.8,-27932.1,22124.0,3449.8,-52.3537,-4972.64
136.2,6.16817,43233.4,-28792.7,25692.9,3459.18,-38.6017,-5021.61
136.3,6.14784,43171.2,-28985.3,25482.5,3455.28,7.829,-4981.01
136.4,6.13182,43194.1,-29963.1,23024.3,3454.37,74.1955,-4892.81
136.5,6.13018,43272.4,-32160.8,20648.3,3472.21,86.7067,-4926.57
136.6,6.15493,43387.0,-34271.6,20552.2,3494.34,52.9582,-5046.21
136.7,6.19277,43370.1,-34194.3,21897.5,3509.08,-58.8556,-5100.21
136.8,6.22331,43230.3,-33284.7,22458.9,3522.18,-134.63,-5028.7
136.9,6.2421,43071.2,-33270.4,20514.0,3542.66,-82.8644,-5010.73
137.0,6.25797,42992.4,-35030.6,16992.5,3577.82,73.5748,-5055.88
137.1,6.28179,42964.2,-36859.3,13994.9,3595.57,182.216,-5016.12
137.2,6.31247,42939.5,-36915.1,13542.4,3588.56,165.55,-4907.79
137.3,6.33163,42792.1,-36686.2,15023.0,3555.73,55.9398,-4848.82
137.4,6.32416,42583.9,-36774.0,16289.6,3504.07,-20.1917,-4933.94
137.5,6.29477,42425.3,-37700.6,14755.7,3454.1,-63.474,-5016.51
137.6,6.27099,42473.5,-37327.1,11538.5,3458.26,17.0789,-5025.72
137.7,6.26915,42579.6,-36954.2,8496.75,3446.89,89.9428,-4987.4
137.8,6.27979,42641.7,-37217.1,7539.81,3431.14,84.2871,-4997.82
137.9,6.29403,42591.8,-36611.5,9090.13,3420.47,35.3153,-5032.14
138.0,6.2904,42423.0,-34829.8,11053.4,3414.28,-21.5929,-4951.23
138.1,6.27333,42320.2,-31901.6,10690.0,3378.73,-45.9436,-4841.27
138.2,6.26589,42358.2,-29836.3,7835.49,3332.83,18.0325,-4818.05
138.3,6.2781,42473.1,-29581.0,4216.95,3325.26,124.044,-4866.96
138.4,6.31576,42560.3,-30753.3,1669.59,3345.64,146.036,-4895.81
138.5,6.35989,42497.7,-30234.8,1258.57,3355.33,80.7602,-4933.45
138.6,6.38532,42278.4,-28090.5,1647.36,3332.13,-6.5765,-4950.76
138.7,6.39222,42103.2,-25040.5,1505.83,3306.2,-21.756,-4933.54
138.8,6.39687,42035.1,-22313.9,-94.4968,3273.81,-8.846,-4908.98
138.9,6.41214,42066.6,-21063.1,-1474.38,3258.96,42.0513,-4886.93
139.0,6.42964,42038.5,-20764.8,-1293.31,3258.54,61.3775,-4877.77
139.1,6.43054,41892.2,-19922.2,1260.48,3254.52,49.7581,-4873.44
139.2,6.40503,41713.6,-18583.5,5459.51,3253.6,12.6222,-4861.09
139.3,6.36387,41628.7,-17584.0,8603.33,3273.05,-60.6094,-4861.96
139.4,6.33779,41733.1,-17158.3,9647.71,3258.75,-40.6212,-4896.44
139.5,6.33603,41870.7,-17891.6,8918.26,3249.0,38.9035,-4920.93
139.6,6.34573,41940.0,-19766.5,8189.38,3235.74,96.1949,-4934.32
139.7,6.36342,41926.3,-21244.1,9087.0,3227.57,58.383,-4995.72
139.8,6.37217,41820.0,-21644.6,11168.5,3243.45,-53.2601,-5082.01
139.9,6.37865,41788.1,-21234.1,12463.6,3303.57,-98.1637,-5111.44
140.0,6.39465,41788.3,-20728.8,12029.5,3304.17,-21.7616,-5098.76
140.1,6.41248,41787.7,-21858.6,10437.1,3354.13,86.3004,-5067.82
140.2,6.44249,41814.4,-23416.2,10136.3,3383.63,187.856,-5049.63
140.3,6.46951,41692.6,-23578.4,11469.8,3349.5,128.251,-5006.31
140.4,6.47883,41571.8,-20606.8,13752.0,3315.63,26.4101,-4950.57
140.5,6.48594,41469.5,-17073.7,14739.1,3252.75,-47.7783,-4859.59
140.6,6.48338,41402.9,-15390.4,13743.4,3221.78,-44.8322,-4876.02
140.7,6.47871,41384.7,-16258.3,11508.9,3199.7,16.319,-4990.99
140.8,6.47562,41371.8,-18168.5,10057.6,3192.46,69.1722,-5061.02
140.9,6.46314,41328.8,-18588.3,10597.3,3187.44,75.8248,-5047.2
141.0,6.4434,41283.9,-17380.4,11764.9,3165.13,22.3062,-5000.49
141.1,6.42193,41270.1,-15918.7,12186.7,3111.32,-19.6947,-4951.68
141.2,6.40202,41303.4,-15472.8,10814.8,3061.0,-13.0793,-4884.89
141.3,6.40161,41417.9,-15770.5,8377.6,3026.58,31.3235,-4833.28
141.4,6.42068,41484.1,-16917.6,6115.41,3009.1,6.84212,-4800.56
141.5,6.44583,41493.2,-19241.7,4777.11,3007.75,-72.3836,-4825.91
141.6,6.47501,41448.8,-20060.8,3987.14,3027.86,-120.838,-4943.91
141.7,6.50227,41364.4,-19467.4,3155.59,3049.28,-86.8974,-5007.55
141.8,6.52269,41281.0,-18533.7,2127.22,3070.68,0.538625,-4976.07
141.9,6.54023,41216.9,-18110.9,1532.19,3105.3,56.8435,-4970.86
142.0,6.5543,41147.7,-17715.0,1829.45,3106.58,44.4467,-4995.9
142.1,6.56251,41082.0,-17181.2,3361.23,3098.52,24.5657,-4924.66
142.2,6.56422,40981.3,-15905.2,5772.06,3082.65,-18.6437,-4798.71
142.3,6.55013,40878.6,-14723.7,8190.36,3055.86,-103.132,-4785.77
142.4,6.52902,40834.3,-14702.5,10223.1,3037.51,-166.555,-4863.21
142.5,6.50603,40829.5,-14514.3,11353.2,3019.24,-185.658,-4928.82
142.6,6.49023,40907.2,-13696.2,11670.2,3040.1,-133.628,-4957.48
142.7,6.48939,40985.7,-14089.8,11752.0,3070.23,-52.8479,-4954.47
142.8,6.48542,40960.9,-16084.3,11567.4,3090.85,-22.922,-4991.78
142.9,6.48243,40970.2,-17507.3,11737.6,3135.32,15.516,-5052.2
143.0,6.48493,40959.1,-18026.1,12084.1,3131.5,18.5298,-4995.14
143.1,6.49264,40977.2,-17394.3,12155.9,3116.22,-43.3993,-4924.43
143.2,6.51791,41039.3,-20021.0,12042.2,3155.76,-96.4652,-4874.86
143.3,6.55433,41026.7,-22718.8,12319.5,3183.2,-99.278,-4983.13
143.4,6.58401,40929.9,-23334.1,12214.0,3182.16,-131.941,-5053.89
143.5,6.60947,40862.4,-20086.0,12462.6,3138.75,-132.076,-4994.54
143.6,6.62112,40813.8,-16933.0,12878.1,3084.76,-120.632,-4878.43
143.7,6.62412,40824.7,-16431.0,12755.5,3049.82,-86.4709,-4905.85
143.8,6.63171,40828.3,-16995.4,12404.1,2984.57,-15.2052,-5018.6
143.9,6.62458,40763.0,-15166.9,12362.3,2932.9,25.9937,-5012.11
144.0,6.59828,40720.4,-12582.1,12514.6,2887.02,-12.1614,-4839.6
144.1,6.57369,40748.5,-12629.0,13953.9,2910.01,-56.6591,-4804.2
144.2,6.54309,40710.9,-15606.5,14684.2,2928.49,-168.144,-4973.57
144.3,6.52034,40771.3,-16582.5,13572.4,2847.83,-214.848,-5093.67
144.4,6.51903,40816.6,-14001.3,11187.2,2793.78,-168.782,-4980.81
144.5,6.52794,40853.6,-12585.6,8630.38,2777.45,-85.7774,-4810.32
144.6,6.55092,40887.2,-15521.3,6118.03,2751.14,-62.8208,-4865.79
144.7,6.57811,40866.0,-19391.3,4827.92,2758.61,-29.3971,-5053.01
144.8,6.59273,40841.5,-17194.8,3979.35,2779.53,16.9792,-5056.09
144.9,6.61056,40874.0,-10827.1,2754.59,2813.36,34.4726,-4809.91
145.0,6.63241,40854.9,-8031.72,2290.57,2852.91,41.1491,-4691.65
145.1,6.64024,40823.7,-10764.4,2758.0,2884.86,20.1303,-4902.35
145.2,6.65577,40871.9,-14455.8,5314.36,2912.34,13.276,-5067.18
145.3,6.66748,40813.4,-12811.8,9736.57,2896.17,-81.752,-4947.88
145.4,6.66155,40780.8,-8769.78,13930.3,2869.29,-226.547,-4770.1
145.5,6.65232,40781.4,-9083.65,16019.2,2842.23,-293.83,-4806.63
145.6,6.62608,40703.9,-13089.0,15237.5,2818.82,-220.603,-5011.11
145.7,6.5916,40721.3,-15120.0,12125.9,2781.68,-79.2475,-5065.5
145.8,6.57225,40773.8,-14461.4,8830.32,2769.91,13.7662,-4894.2
145.9,6.55395,40750.6,-14520.2,6857.17,2750.7,45.385,-4813.86
146.0,6.5351,40758.6,-18794.2,5544.58,2752.18,34.0438,-4942.89
146.1,6.52276,40776.9,-22636.5,4525.28,2732.36,25.495,-5106.59
146.2,6.51496,40796.4,-22663.2,3595.89,2714.79,18.9088,-5035.27
146.3,6.52938,40883.7,-20923.4,2774.08,2702.14,-28.2313,-4870.24
146.4,6.56315,40912.4,-22463.4,2165.39,2682.96,-119.349,-4889.17
146.5,6.60511,40933.9,-24369.3,2348.95,2682.86,-140.824,-5116.07
146.6,6.63593,40871.2,-23766.1,1762.83,2653.84,-167.326,-5134.06
146.7,6.65401,40851.2,-17997.1,910.391,2628.28,-114.451,-4979.91
146.8,6.66488,40830.7,-12029.9,35.7332,2610.3,-26.6214,-4886.99
146.9,6.6673,40808.8,-9967.79,-631.362,2602.54,27.9569,-4942.63
147.0,6.66765,40814.4,-9279.32,-298.414,2599.6,61.6479,-5005.56
147.1,6.65744,40756.7,-6961.04,1259.92,2617.13,42.0746,-4913.97
147.2,6.62347,40688.1,-4932.17,2836.8,2593.07,-58.1242,-4766.19
147.3,6.58816,40714.3,-5173.75,4074.88,2570.1,-148.17,-4813.8
147.4,6.55495,40714.7,-7602.7,4947.2,2517.88,-190.293,-4986.54
147.5,6.52849,40755.9,-10215.9,4663.35,2462.09,-212.866,-5019.43
147.6,6.52464,40815.3,-11131.5,3970.95,2402.1,-185.51,-4961.56
147.7,6.52016,40782.1,-13417.0,2943.0,2359.77,-125.37,-4924.0
147.8,6.51385,40795.5,-15763.7,1359.15,2347.99,-33.025,-5002.52
147.9,6.51824,40826.8,-15782.5,-296.767,2352.28,31.532,-5002.02
148.0,6.52397,40823.0,-11868.8,-1201.09,2363.74,59.3532,-4880.39
148.1,6.54225,40885.8,-8023.58,-772.941,2414.38,39.6951,-4764.41
148.2,6.57007,40884.9,-6862.53,1420.46,2441.12,-30.0457,-4814.73
148.3,6.59296,40866.1,-8063.71,5539.2,2466.1,-102.658,-4940.54
148.4,6.61127,40854.6,-8073.93,10362.1,2486.47,-205.85,-4993.43
148.5,6.61782,40807.6,-7431.99,14197.7,2485.9,-313.959,-4936.21
148.6,6.61285,40791.2,-9121.78,15737.3,2494.58,-324.075,-4922.68
148.7,6.60426,40778.0,-13441.9,14967.8,2506.6,-222.201,-5027.48
148.8,6.58571,40744.4,-18577.0,12804.4,2505.89,-106.446,-5066.44
148.9,6.55752,40724.5,-22772.2,11386.2,2503.65,-2.68411,-4990.78
149.0,6.51746,40677.5,-25493.9,10644.9,2516.65,-16.8489,-4949.9
149.1,6.47256,40691.4,-28066.0,9793.61,2512.54,-56.4091,-5003.47
149.2,6.4427,40742.7,-30333.2,8276.16,2511.22,-55.1136,-5062.09
149.3,6.42389,40777.9,-30783.6,5906.28,2506.18,-50.2535,-5052.58
149.4,6.42389,40963.2,-29128.8,3298.26,2495.76,-74.6109,-5028.17
149.5,6.43985,41066.6,-25501.1,1694.11,2453.17,-111.908,-5037.69
149.6,6.46146,41113.6,-21819.7,1161.3,2444.81,-146.058,-5005.73
149.7,6.49057,41158.5,-18453.3,1608.88,2434.13,-132.406,-4930.74
149.8,6.52109,41124.4,-15320.2,2895.96,2428.85,-99.4665,-4893.92
149.9,6.53414,41029.2,-13193.6,3955.97,2418.56,-110.222,-4872.16
150.0,6.54082,41001.8,-10563.8,4344.92,2412.8,-112.11,-4878.29
150.1,6.54054,40951.6,-8346.81,3536.85,2386.39,-125.686,-4854.2
150.2,6.52974,40954.4,-5645.46,1904.26,2344.72,-97.9463,-4874.65
150.3,6.52884,41000.8,-4916.76,794.99,2339.89,-71.299,-4901.28
150.4,6.5229,40977.3,-5157.58,1548.37,2313.16,-105.321,-4937.51
150.5,6.50155,40943.0,-6693.67,3651.94,2281.99,-174.335,-4930.12
150.6,6.47484,40920.4,-9967.68,6184.98,2277.68,-211.923,-4897.25
150.7,6.42918,40912.7,-14090.3,7447.25,2249.96,-191.603,-4903.84
150.8,6.39007,41046.4,-17408.2,6363.68,2238.55,-148.017,-4931.29
150.9,6.37009,41226.9,-18901.7,4235.83,2258.66,-84.2576,-4917.46
151.0,6.36123,41356.5,-18198.3,2081.33,2298.51,-43.9399,-4895.74
151.1,6.36672,41471.2,-16703.7,1353.49,2352.68,-21.2302,-4925.62
151.2,6.37991,41505.2,-15473.4,2875.95,2381.17,-36.5018,-4984.06
151.3,6.39233,41528.3,-14240.8,6296.05,2393.85,-70.1461,-5017.23
151.4,6.41318,41582.7,-13575.7,10378.3,2422.48,-114.854,-4990.7
151.5,6.4385,41615.3,-14752.9,14372.2,2444.52,-122.19,-4924.49
151.6,6.45464,41586.4,-16301.1,16780.5,2471.63,-148.23,-4934.68
151.7,6.46763,41577.8,-20069.8,18003.6,2526.63,-135.988,-4909.65
151.8,6.46454,41485.8,-23513.9,17886.3,2549.75,-144.214,-4913.47
151.9,6.44464,41441.4,-25783.2,17030.5,2558.08,-110.938,-4983.45
152.0,6.42531,41445.7,-28501.4,15659.7,2536.36,-74.2197,-5012.15
152.1,6.40153,41473.5,-31465.4,14110.1,2533.28,-22.29,-5027.89
152.2,6.38112,41530.2,-33424.7,12416.9,2543.31,34.7262,-5083.76
152.3,6.35969,41549.6,-34520.2,10934.2,2565.87,70.9115,-5085.1
152.4,6.32988,41571.1,-33729.7,9781.97,2607.92,66.6312,-5037.0
152.5,6.30387,41655.2,-31259.1,9116.83,2605.21,41.9385,-4980.12
152.6,6.28582,41758.5,-28453.2,8789.53,2591.23,-12.921,-4946.16
152.7,6.28445,41922.5,-24885.0,8485.92,2578.17,-71.6693,-4944.51
152.8,6.30546,42062.2,-21046.9,8469.52,2549.88,-88.1499,-4910.48
152.9,6.32948,42065.7,-17455.0,8370.61,2536.08,-109.205,-4883.31
153.0,6.34782,42037.2,-14453.3,8213.74,2507.9,-89.9023,-4904.06
153.1,6.36834,42013.6,-12476.2,8077.19,2486.0,-55.027,-4920.67
153.2,6.38327,42001.4,-11068.5,8169.96,2457.44,-8.42237,-4904.32
153.3,6.40266,42021.4,-9834.42,7992.72,2463.32,-3.95981,-4891.91
153.4,6.41885,41995.5,-8749.67,8254.16,2454.04,4.09106,-4897.54
153.5,6.41646,41892.6,-8242.88,9044.54,2468.84,0.938797,-4902.95
153.6,6.39333,41795.9,-8888.04,10183.1,2495.67,-49.1899,-4908.12
153.7,6.36081,41781.2,-10838.0,12080.3,2507.34,-83.0618,-4923.96
153.8,6.32481,41820.0,-13625.9,13739.7,2494.08,-121.164,-4945.15
153.9,6.29787,41942.5,-17034.9,14402.3,2480.24,-145.246,-4939.76
154.0,6.28291,42054.4,-20136.2,13696.4,2491.3,-124.967,-4931.83
154.1,6.27443,42119.9,-22680.7,12296.0,2540.81,-46.3192,-4930.07
154.2,6.26774,42151.8,-24188.2,10636.3,2598.88,17.2751,-4939.3
154.3,6.26011,42160.3,-24457.4,9600.95,2612.95,35.873,-4949.98
154.4,6.25418,42222.4,-22891.8,9243.79,2645.73,12.7417,-4977.55
154.5,6.26825,42360.8,-20987.7,9223.29,2695.47,-10.8033,-4960.48
154.6,6.29791,42438.7,-21056.2,9061.58,2715.25,-37.8555,-4903.32
154.7,6.32545,42409.5,-21458.3,8988.81,2699.87,-50.5928,-4934.12
154.8,6.34093,42324.3,-22422.8,8899.62,2699.18,-95.036,-4933.7
154.9,6.3529,42269.1,-23040.9,9343.31,2693.87,-119.422,-4863.67
155.0,6.36391,42245.4,-24207.0,9870.2,2727.87,-144.858,-4839.16
155.1,6.37304,42233.5,-27265.3,9752.56,2776.35,-149.711,-4892.79
155.2,6.37523,42175.0,-30557.4,8850.94,2821.76,-95.2552,-4990.36
155.3,6.35569,42052.0,-32012.8,7166.49,2849.11,-35.1991,-5035.47
155.4,6.31864,42000.8,-32138.7,5042.47,2873.71,0.868,-4990.47
155.5,6.28809,42052.5,-32561.2,3011.79,2885.1,0.492125,-4961.23
155.6,6.26946,42172.2,-33220.6,1705.1,2901.54,6.87587,-5015.77
155.7,6.26476,42252.2,-32348.6,735.432,2862.23,-22.3976,-5035.07
155.8,6.26174,42267.8,-28077.7,818.995,2769.65,-47.3962,-4967.42
155.9,6.25417,42246.6,-21896.3,1560.14,2689.38,-96.3564,-4867.73
156.0,6.25412,42303.3,-17781.7,2719.28,2632.24,-127.422,-4829.08
156.1,6.26987,42386.6,-16410.7,3992.92,2599.93,-133.432,-4889.09
156.2,6.29183,42436.0,-17386.3,5108.34,2609.45,-110.042,-4914.67
156.3,6.31168,42423.2,-17551.2,5583.7,2622.91,-84.048,-4907.14
156.4,6.3221,42345.0,-16774.8,4913.65,2632.5,-96.6298,-4903.31
156.5,6.3237,42325.4,-15412.3,3100.43,2646.33,-94.8371,-4919.91
156.6,6.33494,42362.0,-13227.7,318.738,2629.81,-85.8522,-4929.76
156.7,6.35088,42379.2,-11459.0,-2080.96,2596.61,-57.8954,-4887.33
156.8,6.36384,42347.2,-10219.3,-3531.51,2601.04,-68.7172,-4878.91
156.9,6.36767,42243.9,-8141.02,-2881.19,2557.51,-74.163,-4936.46
157.0,6.3445,42085.7,-7400.11,-647.134,2552.3,-102.072,-4901.55
157.1,6.30839,42046.8,-6923.65,2133.93,2573.94,-115.544,-4850.83
157.2,6.27675,42092.4,-6039.27,4001.78,2560.58,-130.441,-4865.65
157.3,6.25159,42199.1,-4914.48,5054.47,2565.4,-97.205,-4875.46
157.4,6.24098,42316.1,-4559.89,5800.0,2601.78,-59.7537,-4830.47
157.5,6.23954,42367.1,-6620.59,7444.0,2635.58,-66.6934,-4821.36
157.6,6.23658,42373.1,-11493.8,9180.61,2700.11,-169.984,-4911.72
157.7,6.23803,42422.5,-15813.5,9478.75,2733.56,-244.482,-5043.1
157.8,6.2551,42503.6,-18552.2,7292.77,2770.53,-215.766,-5030.87
157.9,6.27955,42576.7,-19496.2,3324.22,2755.14,-85.4709,-4966.87
158.0,6.31502,42606.8,-19611.0,61.0299,2726.48,36.4397,-4993.64
158.1,6.34512,42528.9,-21400.1,-402.596,2738.72,63.8424,-4992.32
158.2,6.35913,42400.3,-21563.9,1630.7,2760.47,11.2554,-4971.81
158.3,6.36343,42280.3,-20835.3,4202.93,2788.9,-65.4024,-4925.04
158.4,6.35325,42190.6,-21081.2,5920.57,2807.27,-85.152,-4875.44
158.5,6.33767,42173.5,-23664.1,5830.62,2852.95,-87.9826,-4887.38
158.6,6.32749,42202.8,-26374.7,5472.25,2877.26,-64.2596,-4999.41
158.7,6.3184,42210.1,-28396.0,5827.46,2877.35,-69.423,-5055.13
158.8,6.30436,42198.9,-28428.5,6363.01,2848.43,-120.436,-5077.79
158.9,6.29005,42183.8,-27805.2,6056.96,2816.45,-130.081,-5110.05
159.0,6.27273,42196.1,-25983.9,4774.43,2769.35,-35.1989,-5164.7
159.1,6.25951,42234.6,-23630.5,2519.28,2699.17,56.3848,-5105.48
159.2,6.25777,42324.6,-21619.0,1173.52,2640.8,91.8852,-4958.59
159.3,6.2622,42358.4,-21770.0,1644.56,2613.67,60.67,-4854.51
159.4,6.26915,42384.8,-22793.7,3012.82,2620.19,-23.3377,-4893.33
159.5,6.27919,42391.3,-23272.7,3776.39,2587.79,-99.0455,-4930.91
159.6,6.28956,42396.8,-20485.5,2933.56,2531.56,-119.688,-4927.3
159.7,6.30476,42428.3,-17756.3,546.159,2466.59,-83.9035,-4859.81
159.8,6.32721,42469.1,-17186.8,-1755.62,2424.28,-7.318,-4895.08
159.9,6.34904,42439.5,-18415.8,-2149.24,2412.85,43.419,-5023.46
160.0,6.35434,42339.1,-18004.6,-1500.16,2431.76,-9.146,-5079.96
160.1,6.34614,42254.1,-14437.9,-852.284,2471.3,-62.8327,-4977.29
160.2,6.32211,42166.8,-10626.0,-1060.43,2495.58,-40.5291,-4841.13
160.3,6.28938,42176.5,-9859.62,-2609.74,2554.07,-1.54,-4833.09
160.4,6.27636,42298.6,-9711.83,-3665.37,2589.25,20.1016,-4912.8
160.5,6.27056,42342.2,-7609.58,-2422.96,2612.38,-5.07175,-4905.74
160.6,6.26517,42354.4,-4401.98,373.662,2645.74,-93.0052,-4804.8
160.7,6.25961,42324.3,-5526.07,3326.39,2665.19,-159.997,-4780.95
160.8,6.24408,42272.2,-11600.7,5339.65,2679.29,-131.818,-4964.12
160.9,6.2286,42338.2,-17015.9,5427.51,2690.3,-69.6872,-5150.6
161.0,6.23257,42481.7,-20021.6,4983.65,2676.74,-3.45931,-5063.1
161.1,6.24171,42543.8,-21855.3,5050.7,2642.82,9.89262,-4918.11
161.2,6.24925,42587.8,-26016.6,5337.37,2663.28,-25.5382,-4974.36
161.3,6.26454,42609.6,-31063.4,6094.56,2682.72,-16.6597,-5111.38
161.4,6.27142,42570.9,-31533.8,6994.87,2714.32,-2.32275,-5105.92
161.5,6.27381,42572.7,-28799.0,7188.19,2721.01,-46.6292,-4917.44
161.6,6.28296,42613.9,-27367.3,7110.82,2734.15,-81.484,-4849.06
161.7,6.293,42634.7,-27444.9,6623.16,2783.26,-74.958,-5023.27
161.8,6.30304,42631.6,-26946.6,5540.65,2804.15,-50.3652,-5130.61
161.9,6.30689,42555.8,-24114.4,4578.53,2788.32,-23.697,-5020.48
162.0,6.28878,42423.8,-22459.6,3894.51,2769.55,-18.6465,-4908.24
162.1,6.26135,42391.7,-24638.2,2474.7,2739.19,-32.1055,-4984.08
162.2,6.25086,42473.2,-27256.4,1533.36,2706.39,28.7715,-5122.82
162.3,6.24666,42514.6,-26640.1,1066.15,2660.51,53.0988,-5066.24
162.4,6.2459,42547.3,-23922.2,1042.72,2610.56,-7.94637,-4886.97
162.5,6.24771,42519.8,-23902.5,2202.09,2595.3,-56.5236,-4881.06
162.6,6.23249,42456.5,-26053.5,3265.04,2597.0,-102.068,-5072.84
162.7,6.22241,42538.9,-26284.4,3234.3,2564.6,-110.109,-5148.3
162.8,6.23229,42661.5,-22370.0,2929.91,2560.82,-73.8309,-5017.51
162.9,6.24324,42730.3,-17894.5,2943.39,2560.05,-31.2167,-4904.85
163.0,6.25803,42762.3,-16081.1,3353.26,2548.55,-24.9454,-4957.84
163.1,6.26493,42693.8,-16663.4,4914.87,2552.45,-26.3036,-5015.52
163.2,6.25049,42620.4,-14741.8,6216.54,2520.1,-57.5598,-4963.75
163.3,6.24171,42679.1,-11334.8,5824.81,2498.46,-106.525,-4838.68
163.4,6.24551,42755.9,-10203.5,4914.56,2447.99,-82.0599,-4802.66
163.5,6.24371,42769.4,-11960.7,3706.3,2433.16,-58.1249,-4930.56
163.6,6.24943,42804.0,-14933.7,3451.06,2465.12,-63.4195,-5044.03
163.7,6.24726,42721.2,-15819.5,5291.83,2490.31,-61.6825,-5049.5
163.8,6.22349,42625.5,-16236.9,7588.86,2508.65,-91.5801,-5009.35
163.9,6.20261,42665.4,-18072.7,9130.05,2526.32,-95.9062,-5037.63
164.0,6.19321,42741.4,-21468.9,9470.93,2586.73,-62.2147,-5073.94
164.1,6.18648,42813.8,-23715.5,8592.94,2625.51,-11.6655,-5034.12
164.2,6.19428,42886.2,-25089.2,8147.09,2671.6,11.7008,-4938.54
164.3,6.19496,42839.0,-26521.7,9145.11,2688.22,-38.7075,-4933.76
164.4,6.18775,42827.8,-27223.5,10357.9,2698.06,-141.512,-5055.86
164.5,6.19357,42901.6,-26671.9,10963.3,2709.39,-156.392,-5120.81
164.6,6.20407,42944.6,-24969.3,10965.5,2702.2,-66.6755,-5082.45
164.7,6.21214,42977.5,-24769.3,10380.5,2737.54,-2.117,-5046.6
164.8,6.21968,42966.7,-26533.0,10638.9,2738.84,9.30888,-5101.78
164.9,6.21142,42902.9,-27996.5,11854.7,2751.46,-17.4146,-5152.79
165.0,6.19393,42912.3,-26917.4,12070.6,2730.04,-74.7203,-5082.56
165.1,6.18771,42991.1,-23817.5,9997.55,2696.3,-123.548,-4966.12
165.2,6.18786,43064.0,-22266.5,6251.65,2698.27,-91.8817,-4940.22
165.3,6.18868,43091.9,-22664.9,1821.5,2701.84,-42.2673,-5019.94
165.4,6.18882,43081.4,-23268.8,-1331.24,2704.59,-5.58944,-5064.42
165.5,6.17843,43028.1,-21531.8,-2233.78,2645.92,7.89442,-5029.03
165.6,6.16405,43040.8,-19503.5,-2508.19,2594.93,-31.3636,-4960.37
165.7,6.16204,43121.8,-17411.7,-3271.27,2534.37,-48.8326,-4968.92
165.8,6.16455,43163.1,-17468.1,-4327.22,2484.02,16.6961,-4974.06
165.9,6.16265,43164.9,-18260.1,-5045.57,2465.82,63.8804,-4949.6
166.0,6.16305,43166.0,-19301.6,-3457.84,2464.14,55.7995,-4930.82
166.1,6.15497,43127.6,-20386.5,504.656,2454.64,-40.2774,-4969.74
166.2,6.14617,43171.9,-21016.8,5150.06,2447.98,-135.079,-5028.74
166.3,6.1495,43265.7,-21811.5,8627.47,2459.54,-150.279,-5036.16
166.4,6.15949,43328.5,-22460.7,10234.0,2495.8,-72.06,-5042.03
166.5,6.1661,43327.2,-23458.7,9984.66,2503.68,-7.37375,-5044.85
166.6,6.16166,43280.8,-25216.5,9470.59,2514.13,28.8867,-5019.98
166.7,6.14619,43252.1,-26182.8,9759.61,2544.82,39.4027,-5021.94
166.8,6.13036,43293.6,-25188.2,9879.37,2551.23,-11.3787,-5057.33
166.9,6.12175,43363.6,-23447.8,9172.96,2527.21,-57.3435,-5026.83
167.0,6.10857,43399.8,-21547.2,7330.52,2527.46,-34.6982,-4999.04
167.1,6.09633,43432.6,-18713.9,5228.08,2495.2,37.3112,-5054.84
167.2,6.0866,43479.8,-16719.2,4783.6,2497.08,64.411,-5050.38
167.3,6.0812,43538.6,-15844.4,7047.62,2530.83,17.6545,-4989.04
167.4,6.08284,43605.9,-16088.8,10946.0,2578.46,-68.8931,-4973.56
167.5,6.08291,43616.7,-17673.6,14148.9,2609.62,-134.419,-5002.48
167.6,6.07319,43617.6,-18909.1,14103.6,2652.67,-161.246,-5027.32
167.7,6.0653,43674.7,-18933.4,10481.7,2696.17,-109.037,-5017.2
167.8,6.06686,43751.5,-18504.3,5690.93,2704.73,4.98956,-5009.07
167.9,6.07497,43833.2,-19316.0,2456.48,2726.59,81.9236,-5020.73
168.0,6.09759,43880.8,-20675.2,2165.84,2727.66,61.0722,-5072.25
168.1,6.1111,43804.9,-20471.9,3633.26,2725.34,-35.8963,-5111.62
168.2,6.10852,43710.8,-18495.3,4285.54,2748.06,-82.5121,-5062.1
168.3,6.0987,43663.6,-15983.3,2927.45,2766.36,-47.583,-4986.51
168.4,6.08035,43665.2,-15649.7,332.445,2779.03,-5.75313,-4961.55
168.5,6.06805,43768.3,-16218.5,-1331.43,2794.69,8.48088,-5025.39
168.6,6.07018,43865.5,-16605.0,-683.299,2794.78,-36.2632,-5044.34
168.7,6.06719,43869.9,-15794.6,1273.29,2768.77,-105.22,-4993.65
168.8,6.06254,43863.1,-13773.8,2652.46,2752.65,-132.639,-5005.88
168.9,6.05129,43822.4,-13089.8,3024.04,2702.57,-70.736,-5026.3
169.0,6.03479,43853.8,-13790.3,2302.02,2690.02,-8.72075,-5022.47
169.1,6.03343,43971.6,-15345.9,1800.19,2694.27,19.7892,-4992.87
169.2,6.04158,44056.3,-17185.9,2550.51,2707.36,5.412,-4985.15
169.3,6.04464,44065.7,-18528.9,4334.37,2696.61,-10.496,-5011.83
169.4,6.04821,44060.0,-19713.4,6935.45,2688.92,-31.539,-5024.85
169.5,6.04486,44033.2,-20270.9,10097.4,2694.65,-51.4925,-5042.13
169.6,6.04747,44079.6,-22485.2,13276.5,2722.85,-59.2262,-5024.34
169.7,6.0588,44112.0,-25688.1,15919.5,2735.98,-68.1575,-5042.78
169.8,6.06269,44087.1,-28319.5,17270.9,2739.85,-77.115,-5072.12
169.9,6.06334,44067.0,-28265.7,17426.6,2738.84,-60.43,-5060.72
170.0,6.05894,44032.6,-25568.0,16927.0,2732.99,-54.9309,-5000.59
170.1,6.05208,44037.8,-22523.7,16022.9,2775.22,-64.2749,-4959.61
170.2,6.05176,44063.3,-20905.6,15192.5,2805.42,-62.3555,-4979.81
170.3,6.04627,44044.8,-18502.4,14899.2,2832.81,-34.4982,-5050.51
170.4,6.03344,44017.6,-14706.4,14516.3,2875.48,-41.1634,-5014.49
170.5,6.02548,44041.6,-12515.4,14322.2,2902.44,-43.3346,-4873.53
170.6,6.01446,44049.3,-12901.7,14202.3,2908.72,-38.0839,-4848.65
170.7,6.00826,44109.8,-16752.1,13832.3,2900.59,-36.0059,-4915.82
170.8,6.01497,44183.8,-19690.1,13807.7,2883.66,-38.8424,-4970.19
170.9,6.01857,44181.0,-20794.1,13625.4,2876.6,-91.637,-4936.17
171.0,6.02477,44203.5,-22742.2,13056.5,2906.57,-111.243,-4933.29
171.1,6.02817,44175.5,-26548.6,11430.8,2942.74,-106.851,-5061.27
171.2,6.02211,44159.4,-29328.9,8661.93,2958.19,-58.2575,-5182.37
171.3,6.02585,44229.0,-28513.1,5456.13,2983.22,16.4595,-5117.43
171.4,6.04305,44293.9,-25564.9,3016.12,3033.49,56.5785,-4948.15
171.5,6.06361,44289.2,-23789.3,1322.65,3065.74,30.775,-4885.45
171.6,6.08102,44211.2,-22955.1,1003.75,3077.94,20.0047,-4962.84
171.7,6.07614,44035.8,-21942.1,1455.36,3073.04,-14.624,-4938.83
171.8,6.05681,43970.5,-17805.5,1508.01,3023.17,-90.4925,-4879.54
171.9,6.05436,44049.5,-13587.8,1493.73,2998.63,-114.911,-4886.7
172.0,6.06204,44101.8,-11722.7,1586.98,2998.87,-97.8185,-4975.6
172.1,6.071,44104.3,-11511.2,2063.93,2986.88,-67.2333,-5061.33
172.2,6.07157,43994.2,-11200.9,3324.46,2954.14,-65.2129,-5050.62
172.3,6.05166,43880.8,-10780.4,5451.19,2937.43,-47.2264,-4976.1
172.4,6.03334,43912.8,-11985.3,6973.88,2934.01,-46.4548,-4917.12
172.5,6.03626,44032.8,-14843.8,7498.31,2937.81,-51.3778,-4932.91
172.6,6.0483,44121.5,-17317.3,7144.2,2953.76,-29.1334,-4983.8
172.7,6.06311,44117.4,-18839.0,6694.83,2953.03,-5.899,-4970.68
172.8,6.06679,44029.8,-19144.5,7418.04,2913.19,-8.58813,-4990.88
172.9,6.06505,43986.7,-20756.7,10107.9,2909.29,-13.3518,-5070.36
173.0,6.07298,44024.0,-21529.7,13512.1,2914.56,-63.3821,-5176.91
173.1,6.08813,44043.9,-20285.4,16082.8,2902.04,-96.6557,-5155.2
173.2,6.10318,44005.7,-16971.6,16713.6,2887.32,-83.1221,-5030.03
173.3,6.10712,43918.6,-14912.6,15178.1,2918.08,-60.8003,-4912.85
173.4,6.1039,43832.8,-15136.9,12181.6,2978.93,-57.118,-4907.61
173.5,6.10044,43804.4,-15450.4,9460.06,3034.72,-30.0129,-4947.46
173.6,6.10243,43810.8,-14323.9,8187.01,3047.0,15.8255,-4917.66
173.7,6.10973,43807.3,-13194.5,8654.07,3044.26,13.9194,-4894.69
173.8,6.10945,43732.8,-14226.7,9778.15,2990.72,-37.9847,-4971.29
173.9,6.09867,43650.0,-16132.3,10852.7,2912.12,-32.7023,-5100.85
174.0,6.07572,43599.9,-17062.7,10998.5,2837.23,18.76,-5093.18
174.1,6.06864,43709.0,-17845.0,11581.7,2826.31,91.8948,-4970.26
174.2,6.07914,43795.1,-20158.7,13769.0,2825.23,58.3235,-4927.15
174.3,6.08682,43794.1,-25518.0,17111.8,2868.76,-68.527,-4975.81
174.4,6.08926,43744.3,-29556.4,19435.0,2946.75,-187.461,-5047.11
174.5,6.08619,43707.4,-30378.9,18887.1,3010.45,-181.151,-5003.29
174.6,6.08564,43735.0,-29469.6,15032.9,3033.0,-87.7751,-4945.23
174.7,6.1006,43817.3,-29779.5,9767.45,3018.65,20.4609,-4979.55
174.8,6.12646,43853.2,-31801.3,5404.96,3007.81,81.3746,-5068.33
174.9,6.15274,43801.6,-32528.0,2651.92,3016.91,80.506,-5087.64
175.0,6.17013,43663.1,-32538.4,749.925,3038.02,27.2211,-4985.5
175.1,6.1661,43490.9,-31116.1,-1881.13,3050.01,-38.1133,-4971.72
175.2,6.14931,43399.6,-28248.7,-6188.44,3045.43,-63.8751,-5046.65
175.3,6.13642,43418.9,-23361.3,-11126.0,3019.16,-33.451,-5037.17
175.4,6.13203,43489.5,-17504.9,-14173.0,2980.14,20.897,-4922.34
175.5,6.13876,43531.3,-13983.9,-13643.9,2935.36,25.2838,-4858.49
175.6,6.1412,43480.7,-13025.0,-9875.24,2915.6,-34.2579,-4932.31
175.7,6.12933,43388.8,-12304.6,-5562.67,2910.74,-91.7253,-4977.57
175.8,6.1106,43348.5,-11232.5,-2853.87,2875.61,-77.9331,-4858.84
175.9,6.08613,43386.4,-11149.4,-2672.3,2811.84,-41.5721,-4792.12
176.0,6.0834,43571.6,-14991.2,-3381.1,2816.57,-5.01737,-4890.18
176.1,6.10538,43715.7,-18988.8,-3130.51,2803.79,-17.5195,-5072.16
176.2,6.13308,43725.9,-20516.8,-823.581,2806.77,-40.9043,-5119.76
176.3,6.1502,43600.3,-19944.9,2703.32,2762.04,-83.0297,-5039.26
176.4,6.15196,43473.1,-20587.1,6396.26,2747.21,-79.696,-5022.4
176.5,6.15229,43435.6,-21990.3,8587.28,2750.89,-69.0807,-5099.95
176.6,6.16646,43501.6,-22066.9,9311.43,2778.64,-23.8178,-5072.31
176.7,6.18693,43495.7,-19942.5,9613.12,2780.96,16.6483,-4890.12
176.8,6.19554,43402.3,-19260.9,10621.7,2809.11,14.7537,-4781.04
176.9,6.19048,43269.9,-20745.6,12124.1,2850.84,-62.7713,-4923.24
177.0,6.17141,43174.9,-21948.5,12926.8,2867.02,-142.43,-5089.83
177.1,6.15009,43176.4,-20219.9,12108.6,2839.49,-118.788,-5073.28
177.2,6.14073,43255.0,-17542.6,9531.01,2818.11,-35.7819,-4988.8
177.3,6.14044,43332.3,-19243.6,6934.62,2823.79,59.3078,-4975.6
177.4,6.14375,43336.6,-24726.3,6075.45,2870.18,115.249,-5057.92
177.5,6.13616,43265.8,-29118.3,7266.86,2900.54,75.2596,-5078.72
177.6,6.11591,43235.3,-29919.8,8833.81,2899.41,-31.8682,-4960.85
177.7,6.10037,43284.2,-29697.6,9057.55,2849.27,-105.584,-4855.55
177.8,6.09496,43411.7,-32766.2,6658.59,2847.23,-113.186,-4900.79
177.9,6.11116,43568.8,-35934.7,2130.95,2824.34,-56.6382,-5085.48
178.0,6.13987,43609.3,-37029.4,-1793.4,2797.83,44.3956,-5122.66
178.1,6.15406,43513.7,-35135.0,-4190.81,2786.06,63.261,-5008.65
178.2,6.16556,43465.6,-34618.6,-5829.45,2803.3,17.4159,-4929.92
178.3,6.17878,43418.1,-34758.9,-8359.71,2813.64,-18.5233,-5027.62
178.4,6.18483,43384.7,-32296.7,-12448.3,2837.7,42.6577,-5079.4
178.5,6.18987,43360.4,-25899.5,-16734.1,2834.17,125.31,-4932.11
178.6,6.18504,43281.5,-19127.8,-18665.5,2813.03,127.174,-4801.1
178.7,6.16812,43224.1,-17376.9,-17306.8,2798.58,50.228,-4852.52
178.8,6.1566,43242.9,-17845.0,-13620.9,2808.58,-25.611,-5028.23
178.9,6.15106,43256.6,-16531.7,-10265.8,2826.03,-88.5303,-5032.6
179.0,6.1458,43276.0,-12895.5,-9230.3,2807.9,-86.8268,-4859.94
179.1,6.1436,43271.1,-11309.0,-9762.82,2782.77,-12.6855,-4773.93
179.2,6.13164,43245.8,-13229.8,-9900.75,2781.24,53.8107,-4914.92
179.3,6.12803,43305.2,-17003.2,-7921.5,2806.78,49.4673,-5036.37
179.4,6.13032,43351.0,-18584.8,-3837.73,2805.34,-31.5537,-5027.94
179.5,6.12783,43363.3,-18505.6,-413.404,2815.12,-111.618,-4991.45
179.6,6.12859,43398.8,-18872.6,572.222,2833.3,-67.6014,-5048.29
179.7,6.13094,43413.4,-19402.4,432.261,2814.25,84.8409,-5105.09
179.8,6.13609,43459.2,-19156.1,1649.75,2800.08,182.878,-5032.08
179.9,6.15801,43522.1,-18743.8,6054.16,2769.83,119.23,-4887.92
180.0,6.17902,43492.8,-20281.1,13064.9,2745.97,-28.6596,-4847.48
180.1,6.18248,43375.3,-23224.4,18461.8,2739.88,-180.736,-4944.37
180.2,6.17238,43300.0,-25203.4,18773.4,2732.4,-221.822,-5010.13
180.3,6.15858,43283.3,-24813.5,15075.7,2738.17,-78.5139,-5016.35
180.4,6.14184,43309.1,-24991.4,9937.43,2763.53,74.6294,-5000.69
180.5,6.14286,43413.8,-27421.5,7459.83,2812.87,164.445,-5064.39
180.6,6.14767,43395.0,-31793.9,8832.92,2868.57,132.548,-5113.83
180.7,6.13135,43290.0,-33966.4,10675.6,2880.89,13.9819,-5060.81
180.8,6.11169,43265.3,-33217.1,9741.73,2885.15,-49.0308,-4906.49
180.9,6.09489,43303.8,-32509.5,5659.47,2897.75,2.42963,-4768.03
181.0,6.09003,43443.5,-34075.5,527.918,2892.21,88.3126,-4779.23
181.1,6.1129,43590.5,-38352.3,-1824.72,2891.57,104.503,-4873.87
181.2,6.13269,43573.6,-40956.5,-499.077,2883.54,-9.10725,-5002.31
181.3,6.13552,43478.2,-40520.0,906.975,2855.76,-157.956,-5048.69
181.4,6.13483,43426.8,-38309.4,-159.188,2856.77,-136.452,-5031.75
181.5,6.12795,43415.7,-36504.2,-4635.3,2869.97,21.1768,-5009.85
181.6,6.12911,43507.4,-35113.8,-10559.2,2859.84,146.646,-4984.06
181.7,6.14814,43585.2,-33130.6,-13475.9,2864.69,171.754,-4917.3
181.8,6.15825,43533.7,-29621.3,-12643.6,2881.07,43.616,-4840.93
181.9,6.15358,43454.6,-24955.3,-10729.9,2865.5,-145.162,-4818.79
182.0,6.14054,43376.8,-20665.2,-10294.1,2838.97,-221.571,-4855.16
182.1,6.11188,43355.7,-16805.5,-13005.0,2795.52,-153.003,-4887.44
182.2,6.10565,43526.6,-13686.2,-17433.4,2802.81,-7.88212,-4907.06
182.3,6.12666,43648.3,-12212.0,-19641.0,2809.18,109.495,-4888.22
182.4,6.14148,43606.6,-12615.9,-18206.1,2836.62,92.9884,-4892.56
182.5,6.15097,43513.0,-14535.8,-13844.5,2883.95,9.98869,-4923.89
182.6,6.143,43342.8,-17010.0,-8970.95,2912.47,-63.0148,-4945.81
182.7,6.11805,43289.1,-19389.8,-6158.34,2935.36,-77.2044,-4935.33
182.8,6.11614,43430.7,-21704.2,-4971.02,2948.8,-26.4783,-4946.14
182.9,6.13446,43543.7,-23817.7,-3202.16,2961.54,11.446,-4977.29
183.0,6.15665,43572.3,-25896.7,848.24,2919.93,19.6637,-5007.06
183.1,6.1716,43459.1,-27052.8,6779.55,2856.02,-63.2743,-5027.2
183.2,6.15933,43310.2,-27251.3,12469.3,2806.57,-140.967,-5003.52
183.3,6.14561,43308.9,-28217.2,14699.8,2798.51,-158.872,-4936.62
183.4,6.14557,43409.3,-29771.8,13269.3,2802.91,-73.6071,-4921.6
183.5,6.14996,43465.9,-31340.0,9320.26,2820.84,13.2312,-4956.88
183.6,6.15383,43474.8,-32863.6,5594.77,2885.91,51.7793,-4950.88
183.7,6.14623,43382.4,-34916.4,3591.56,2934.04,13.9978,-4931.34
183.8,6.12423,43325.9,-37294.1,2693.96,2973.27,-35.6343,-4992.68
183.9,6.11268,43386.6,-39401.0,1035.6,2990.79,-50.1485,-5051.68
184.0,6.11906,43483.2,-38827.9,-1594.03,2954.06,10.1423,-5028.67
184.1,6.1376,43550.8,-38125.9,-4466.14,2928.77,79.449,-4892.12
184.2,6.15926,43506.2,-38691.1,-6232.33,2880.28,65.9173,-4839.76
184.3,6.16865,43384.3,-41063.2,-5771.71,2863.09,10.909,-4903.77
184.4,6.16537,43277.9,-43308.5,-4016.65,2858.84,-51.9066,-4958.19
184.5,6.15763,43248.1,-43533.1,-2844.23,2871.16,-102.084,-4951.74
184.6,6.15294,43276.0,-43311.3,-3384.65,2875.34,-89.6086,-4932.07
184.7,6.15148,43313.1,-43297.4,-5540.55,2882.81,-25.2996,-4984.41
184.8,6.15217,43338.7,-43181.1,-8277.19,2911.51,37.9959,-5057.66
184.9,6.15052,43330.0,-40290.0,-10157.5,2880.33,65.6389,-5045.31
185.0,6.14631,43321.8,-34742.1,-10683.3,2847.68,44.5443,-4959.36
185.1,6.14532,43344.9,-28658.6,-10317.9,2802.39,-13.0151,-4896.13
185.2,6.14337,43366.9,-23517.0,-10851.7,2764.25,-93.1282,-4907.06
185.3,6.14302,43392.3,-19240.6,-12702.6,2765.02,-93.9604,-4919.14
185.4,6.13399,43366.5,-15018.8,-15873.7,2763.58,-49.1425,-4869.84
185.5,6.12167,43384.3,-12051.6,-18890.5,2752.71,17.92,-4803.39
185.6,6.12145,43438.3,-11122.6,-20040.0,2765.02,56.9362,-4826.51
185.7,6.1267,43479.7,-12163.0,-19316.1,2759.5,42.2375,-4880.73
185.8,6.14007,43492.5,-12342.7,-17558.4,2725.7,22.2706,-4918.57
185.9,6.14993,43435.5,-11039.0,-15289.0,2714.26,22.3619,-4918.74
186.0,6.1471,43368.1,-10861.2,-12715.1,2733.48,26.789,-4902.64
186.1,6.14062,43343.3,-13661.4,-10314.4,2748.54,-47.111,-4946.13
186.2,6.13417,43390.8,-17408.3,-7700.62,2782.45,-84.8788,-5040.0
186.3,6.13606,43458.2,-20376.3,-5424.86,2819.62,-77.9717,-5036.92
186.4,6.14236,43496.1,-22390.6,-3498.17,2826.46,-47.1727,-4936.41
186.5,6.14635,43474.8,-24190.5,-1850.25,2841.83,-33.4265,-4905.52
186.6,6.14304,43412.2,-26614.0,-668.874,2828.42,-26.4465,-4937.77
186.7,6.12943,43367.4,-28276.4,-875.286,2813.43,-33.664,-4952.25
186.8,6.11948,43396.2,-27831.1,-2338.65,2773.3,-10.9005,-4945.25
186.9,6.11649,43470.7,-28105.7,-4266.15,2808.48,30.2022,-4949.27
187.0,6.12023,43516.4,-31333.5,-5564.01,2869.1,52.5692,-5007.06
187.1,6.11774,43496.2,-34671.6,-6382.05,2927.84,11.5896,-5136.73
187.2,6.10954,43476.5,-35998.0,-6775.33,2964.51,-5.9515,-5149.3
187.3,6.10052,43489.6,-34302.5,-7815.26,2973.17,-3.78988,-5008.56
187.4,6.10548,43580.4,-32866.5,-9173.45,2953.67,21.3433,-4859.35
187.5,6.12484,43656.4,-34029.2,-9717.05,2945.43,49.1758,-4851.02
187.6,6.14519,43620.3,-35556.4,-9589.34,2915.44,-4.66247,-4916.09
187.7,6.1535,43528.1,-33568.4,-8690.61,2869.4,-61.0182,-4949.79
187.8,6.13922,43380.4,-29978.2,-8868.01,2824.44,-122.545,-4870.01
187.9,6.11421,43374.0,-27020.7,-10537.4,2799.68,-82.2863,-4888.12
188.0,6.10849,43504.4,-26695.8,-13663.5,2825.63,-25.083,-5017.4
188.1,6.11798,43632.3,-26611.7,-17253.4,2857.32,12.5464,-5088.76
188.2,6.14129,43675.8,-22742.1,-19433.6,2885.27,48.3332,-5010.2
188.3,6.1463,43527.0,-17549.5,-20110.9,2893.59,14.3724,-4823.63
188.4,6.12707,43394.3,-13332.6,-20032.9,2869.15,-57.6544,-4769.26
188.5,6.11161,43413.3,-10551.5,-19650.3,2862.11,-110.312,-4843.99
188.6,6.10436,43510.2,-7114.62,-19881.4,2838.74,-139.758,-4869.87
188.7,6.11521,43633.7,-2527.73,-20474.9,2789.5,-126.271,-4810.06
188.8,6.13063,43635.1,472.779,-20162.9,2772.56,-96.175,-4810.99
188.9,6.12906,43530.7,511.843,-18497.0,2772.85,-65.848,-4928.77
189.0,6.12322,43472.7,-1553.36,-15162.1,2781.91,-26.5583,-4999.77
189.1,6.11505,43447.1,-3034.84,-10969.0,2808.1,-41.774,-4946.25
189.2,6.11155,43524.5,-3495.34,-7244.98,2836.77,-77.7452,-4872.83
189.3,6.12028,43590.9,-5064.33,-4385.12,2827.86,-102.21,-4854.95
189.4,6.11697,43552.0,-7298.1,-2064.28,2803.59,-126.052,-4935.39
189.5,6.10462,43548.1,-9104.31,268.636,2778.13,-141.636,-4996.78
189.6,6.10031,43584.8,-10856.2,2592.23,2807.28,-194.24,-4976.23
189.7,6.10114,43649.4,-12708.3,4629.14,2842.95,-191.591,-4985.75
189.8,6.10884,43689.6,-15063.6,5176.98,2855.87,-125.858,-5039.03
189.9,6.11575,43666.6,-17503.1,4516.65,2907.68,-29.7823,-5014.98
190.0,6.10763,43583.2,-19014.1,2571.75,2911.56,24.2046,-4926.98
190.1,6.09997,43595.2,-20556.1,1060.46,2918.17,81.0696,-4875.64
190.2,6.09918,43623.4,-23490.3,1083.96,2938.48,84.7796,-4897.51
190.3,6.09935,43649.6,-27031.4,1844.35,2949.04,-16.9821,-4963.73
190.4,6.10517,43674.5,-29311.4,2492.07,2965.04,-120.061,-5027.36
190.5,6.1035,43622.4,-30445.0,2877.71,2967.17,-103.028,-5049.47
190.6,6.0898,43582.7,-31376.5,2103.16,2961.32,-70.4289,-5041.15
190.7,6.08837,43667.6,-31856.4,920.523,2972.4,-52.6613,-5043.59
190.8,6.09973,43729.6,-30738.1,299.084,2947.28,-30.5347,-5007.78
190.9,6.10948,43739.9,-27679.6,-121.779,2915.78,-5.68275,-4903.5
191.0,6.11991,43721.6,-25243.9,-1062.8,2939.77,-11.7515,-4797.67
191.1,6.11764,43622.5,-23698.7,-2380.13,2967.23,-7.42475,-4827.24
191.2,6.09812,43561.2,-22944.3,-4296.59,2993.62,-9.25925,-4920.7
191.3,6.08258,43612.4,-22124.2,-6641.51,3017.76,-32.188,-4962.47
191.4,6.07664,43708.6,-20445.7,-9047.21,3007.44,-54.9417,-4973.7
191.5,6.0822,43803.5,-19233.2,-11630.3,3012.13,-61.8493,-4987.97
191.6,6.09716,43840.9,-18281.9,-14082.0,2988.24,-57.1343,-5016.38
191.7,6.10941,43792.5,-17342.8,-15574.5,2956.53,-20.5404,-4981.0
191.8,6.11136,43704.9,-13678.6,-15949.5,2897.66,-12.1882,-4933.24
191.9,6.10544,43655.7,-8536.35,-16249.6,2848.06,-78.2081,-4851.63
192.0,6.10255,43682.3,-4560.99,-16631.6,2822.02,-75.5496,-4782.33
192.1,6.10196,43701.6,-3131.67,-17316.4,2822.15,-18.8014,-4810.81
192.2,6.09781,43711.2,-3271.94,-17688.8,2850.12,39.0239,-4915.86
192.3,6.09388,43693.9,-3906.44,-16294.8,2835.19,61.9279,-4942.35
192.4,6.08116,43663.3,-4372.97,-12850.1,2816.79,15.3115,-4913.38
192.5,6.07231,43713.2,-4508.9,-8710.19,2770.9,-68.958,-4949.31
192.6,6.08102,43811.2,-4576.6,-5241.42,2747.77,-135.87,-5026.87
192.7,6.09896,43861.0,-4405.0,-3192.62,2757.68,-140.837,-5031.1
192.8,6.11575,43825.8,-4742.69,-2296.63,2764.08,-106.861,-4966.61
192.9,6.11641,43722.2,-6697.36,-888.815,2817.48,-44.5039,-4950.29
193.0,6.10481,43635.2,-10830.8,1293.8,2881.74,-18.2607,-4987.15
193.1,6.0928,43655.2,-14032.2,3035.31,2912.53,-40.0913,-5016.49
193.2,6.09175,43721.7,-15732.6,3113.51,2906.33,-10.8806,-4951.67
193.3,6.09904,43746.5,-17111.7,1572.07,2892.26,73.2694,-4895.87
193.4,6.09658,43713.3,-18802.2,-848.869,2867.55,109.701,-4952.71
193.5,6.09764,43683.1,-22337.8,-1801.64,2847.85,86.1988,-5009.34
193.6,6.08778,43635.5,-24943.9,-1151.97,2858.26,-23.9207,-5058.96
193.7,6.08205,43700.8,-25380.8,-100.783,2888.86,-109.441,-5088.87
193.8,6.08989,43778.5,-26156.7,208.943,2948.91,-100.773,-5051.19
193.9,6.08834,43764.4,-25632.1,-1228.07,3015.51,-35.1275,-5046.72
194.0,6.08673,43779.9,-24967.7,-2920.48,3070.12,98.5865,-4992.84
194.1,6.07969,43732.2,-24032.2,-3209.4,3070.09,166.892,-4870.42
194.2,6.06558,43749.0,-24887.9,-1707.78,3042.96,144.708,-4753.12
194.3,6.07192,43834.7,-29050.5,-330.048,3022.13,20.1824,-4745.97
194.4,6.08415,43864.2,-31996.9,-571.008,2984.79,-83.9086,-4916.05
194.5,6.08645,43810.4,-31606.7,-3965.78,2931.52,-130.588,-5005.93
194.6,6.07857,43752.4,-29630.5,-9814.95,2917.81,-133.987,-4958.9
194.7,6.06483,43756.2,-26610.3,-15715.9,2889.97,-78.3571,-5027.99
194.8,6.06636,43875.6,-26195.9,-19870.7,2930.83,-5.66087,-5108.79
194.9,6.08564,43973.7,-23039.3,-21976.8,2964.49,20.962,-5102.95
195.0,6.10559,43943.3,-16667.0,-22968.2,2999.59,26.945,-4888.93
195.1,6.10491,43796.3,-9622.85,-24531.5,3022.55,18.6694,-4631.37
195.2,6.08035,43660.1,-4836.53,-27184.4,2977.64,29.1045,-4573.63
195.3,6.0556,43684.7,-3325.8,-29417.2,2932.23,42.8361,-4658.12
195.4,6.05218,43854.3,-3089.72,-29705.3,2899.25,-7.65425,-4733.42
195.5,6.07778,44022.7,-3129.99,-27203.6,2877.55,-87.1179,-4816.33
195.6,6.10734,43989.4,-4917.39,-22789.5,2875.35,-163.884,-4965.34
195.7,6.10688,43787.8,-6861.55,-18274.7,2850.79,-180.008,-5154.53
195.8,6.08033,43632.5,-6553.66,-15353.4,2815.76,-157.241,-5198.56
195.9,6.05835,43689.4,-5007.85,-13811.3,2833.23,-97.4932,-5011.2
196.0,6.06514,43905.9,-3419.55,-12810.8,2851.72,-43.9137,-4853.01
196.1,6.09709,44036.0,-4010.45,-11302.5,2898.67,-54.4772,-4828.14
196.2,6.11669,43917.7,-4644.77,-8690.04,2930.73,-105.312,-4854.3
196.3,6.09963,43682.8,-4194.9,-6393.69,2962.71,-192.874,-4831.05
196.4,6.06706,43606.4,-2610.85,-5574.17,2986.79,-208.405,-4864.32
196.5,6.05196,43737.8,-3071.61,-6362.12,2991.23,-131.29,-4980.83
196.6,6.06839,43967.4,-5842.19,-7015.92,2984.2,-8.551,-5105.67
196.7,6.10526,44066.9,-9327.9,-5988.24,3002.51,39.7309,-5150.29
196.8,6.13126,43928.1,-13276.9,-2990.72,3032.82,-8.19013,-5088.48
196.9,6.11831,43662.1,-16625.8,-146.605,3052.21,-98.2878,-5039.0
197.0,6.08479,43543.0,-20692.4,273.466,3104.4,-142.297,-4990.81
197.1,6.06377,43656.5,-24052.4,-2269.3,3163.54,-102.618,-4963.21
197.2,6.07618,43881.7,-25762.0,-5817.15,3199.04,-3.77306,-4952.72
197.3,6.11034,43974.7,-26231.3,-7358.62,3212.27,70.2281,-4932.44
197.4,6.13127,43827.9,-26245.7,-5764.61,3193.34,38.2856,-4938.39
197.5,6.12254,43606.0,-25871.8,-2579.46,3170.9,-55.889,-4978.02
197.6,6.0996,43501.3,-25556.1,-999.746,3130.91,-125.93,-4979.24
197.7,6.08316,43580.3,-23983.0,-3320.53,3067.69,-117.863,-4961.78
197.8,6.09453,43774.5,-22921.6,-8626.03,3067.04,-40.1507,-4901.5
197.9,6.11779,43838.2,-22278.2,-14020.9,3090.43,16.7464,-4872.57
198.0,6.12853,43733.4,-22526.9,-16890.6,3120.76,1.86213,-4882.38
198.1,6.11721,43572.5,-22209.8,-16732.4,3140.48,-58.5164,-4908.16
198.2,6.09889,43523.0,-18928.8,-15828.0,3166.32,-133.793,-4953.62
198.3,6.09794,43630.1,-14264.8,-16513.5,3140.45,-132.026,-4906.0
198.4,6.11868,43743.2,-9422.3,-19342.5,3089.96,-56.6673,-4850.87
198.5,6.14292,43738.6,-5670.24,-22384.6,3039.83,25.136,-4851.69
198.6,6.15696,43626.1,-2493.93,-23071.8,2990.81,48.5708,-4872.85
198.7,6.1575,43483.5,624.065,-19933.4,2970.37,-21.2955,-4865.41
198.8,6.14834,43409.3,3093.77,-14658.8,2951.06,-143.453,-4853.28
198.9,6.14341,43424.7,5318.54,-9976.7,2942.73,-208.559,-4924.61
199.0,6.14523,43455.5,7062.3,-7195.63,2943.14,-172.475,-4979.48
199.1,6.14276,43447.1,9608.74,-5842.26,2919.64,-89.2499,-4968.57
199.2,6.13817,43417.5,10778.8,-4514.16,2909.9,-70.7366,-4886.23
199.3,6.13091,43400.9,8201.29,-2429.58,2904.69,-118.159,-4838.87
199.4,6.12532,43426.0,4489.62,-1030.36,2889.09,-194.75,-4948.2
199.5,6.1352,43500.5,1207.13,-853.408,2915.16,-186.873,-5005.2
199.6,6.14517,43496.3,421.55,-2414.36,2970.97,-141.544,-4976.71
199.7,6.14723,43450.6,-1048.88,-4424.49,3010.33,-50.6273,-4951.59
199.8,6.14191,43390.8,-5581.9,-5077.26,3059.18,44.141,-5021.9
199.9,6.13021,43372.2,-10522.0,-4248.15,3105.9,52.8979,-5126.87
200.0,6.13362,43461.5,-13718.2,-3316.05,3130.59,-1.46628,-5060.99
200.1,6.15611,43522.5,-15491.6,-2445.43,3128.11,2.62263,-4906.88
200.2,6.17105,43445.9,-18496.4,-2376.62,3129.55,26.6536,-4875.99
200.3,6.17945,43363.0,-23227.6,-2215.75,3145.56,25.7839,-4979.03
200.4,6.18097,43262.2,-27697.4,-599.285,3149.32,-1.95162,-5047.93
200.5,6.17444,43223.1,-29267.6,1994.64,3168.74,-50.6659,-5042.38
200.6,6.17638,43273.6,-29128.3,4133.08,3187.51,-74.5959,-5034.0
200.7,6.18523,43274.5,-29730.9,4987.05,3201.07,-44.5373,-5041.93
200.8,6.17923,43208.8,-30653.8,3935.73,3224.34,4.8005,-5049.23
200.9,6.16835,43165.9,-28391.8,1596.82,3221.82,43.7337,-5041.4
201.0,6.16152,43164.7,-25111.3,254.192,3190.43,80.292,-4891.75
201.1,6.15475,43191.1,-23136.8,-491.243,3167.24,0.84175,-4774.27
201.2,6.16614,43285.2,-23541.8,-944.716,3160.32,-97.1352,-4840.9
201.3,6.18063,43258.6,-23366.5,-2020.52,3158.97,-142.088,-4979.19
201.4,6.17612,43178.0,-20479.2,-4785.54,3131.96,-120.712,-4976.41
201.5,6.17387,43171.7,-15972.4,-8701.54,3087.24,-61.3556,-4915.48
201.6,6.17859,43202.8,-12631.8,-11745.7,3045.85,16.5696,-4939.76
201.7,6.1937,43264.5,-9172.76,-13840.7,3021.42,21.0828,-5022.31
201.8,6.22882,43299.2,-3804.08,-14022.0,3001.59,7.4575,-4959.35
201.9,6.25604,43152.9,1763.97,-12044.5,2988.63,-9.93838,-4752.99
202.0,6.25338,42939.3,4566.06,-9702.88,2977.89,-89.3614,-4684.3
202.1,6.24324,42838.2,4157.98,-7107.43,3003.3,-150.391,-4828.65
202.2,6.23235,42823.4,4844.03,-3555.09,2999.27,-131.764,-4950.67
202.3,6.22653,42882.6,6389.38,402.653,2979.28,-140.088,-4879.36
202.4,6.2338,42931.0,6675.21,4405.47,2921.12,-195.174,-4828.96
202.5,6.23115,42868.4,3504.96,7337.71,2877.64,-216.014,-4963.49
202.6,6.21987,42805.7,-898.407,7531.56,2868.35,-197.137,-5092.48
202.7,6.21271,42821.7,-3725.77,6066.98,2891.03,-112.068,-5016.84
202.8,6.2096,42837.8,-7245.17,4631.68,2932.95,-41.816,-4853.79
202.9,6.21045,42881.2,-13483.3,4197.12,2982.64,-42.3044,-4905.95
203.0,6.22063,42920.3,-19421.7,4662.85,3049.18,-84.3725,-5108.39
203.1,6.22627,42868.2,-21476.5,5343.94,3038.16,-87.1465,-5138.64
203.2,6.22272,42823.5,-18908.1,4745.69,3032.51,-73.5845,-4993.82
203.3,6.23075,42851.5,-18476.5,3594.56,3035.02,-23.4548,-4896.56
203.4,6.24445,42858.2,-21742.3,2938.19,3024.39,24.851,-5013.76
203.5,6.26416,42858.6,-26017.5,3405.04,3031.0,26.2887,-5098.28
203.6,6.28763,42807.5,-27028.2,5487.16,3032.81,-1.395,-4989.44
203.7,6.29289,42655.3,-26816.3,7937.77,3043.12,-55.6548,-4839.37
203.8,6.28453,42558.0,-29682.1,9609.21,3094.27,-64.332,-4878.78
203.9,6.26759,42500.3,-34844.5,10234.0,3097.32,-28.24,-5030.92
204.0,6.2491,42531.8,-38389.1,9907.5,3108.14,7.41638,-5065.25
204.1,6.24358,42626.1,-38456.3,8658.28,3110.73,4.08362,-4969.54
204.2,6.2496,42670.6,-37362.0,7125.01,3105.52,-7.75688,-4929.15
204.3,6.24884,42631.3,-38221.6,5045.77,3104.03,-22.603,-4980.46
204.4,6.24385,42588.3,-38995.2,1599.59,3085.97,-57.9294,-5016.16
204.5,6.24368,42594.2,-37621.7,-2574.32,3069.15,-38.9403,-4950.11
204.6,6.24912,42634.7,-35149.9,-7148.21,3071.52,15.0997,-4857.18
204.7,6.26693,42686.1,-32200.1,-11627.6,3050.19,40.8404,-4899.52
204.8,6.28753,42672.6,-28547.9,-14584.5,3045.31,74.2943,-4983.68
204.9,6.30006,42577.0,-22313.6,-15631.0,3042.75,93.6108,-4972.1
205.0,6.30444,42494.9,-12973.1,-15125.6,2992.76,53.6813,-4892.02
205.1,6.31115,42459.9,-7322.02,-13065.4,2966.93,-1.78212,-4793.8
205.2,6.31943,42445.4,-5465.17,-10594.7,2980.56,-73.9029,-4852.39
205.3,6.33407,42450.1,-5138.73,-8620.17,2974.97,-122.501,-4955.24
205.4,6.34993,42390.9,-3039.7,-6679.14,2951.86,-112.971,-4924.24
205.5,6.34941,42271.4,-596.364,-4594.37,2934.93,-109.261,-4809.8
205.6,6.34149,42208.2,-631.032,-2653.15,2919.88,-119.295,-4845.37
205.7,6.33251,42167.1,-4723.89,-865.102,2903.47,-82.165,-4993.94
205.8,6.31805,42159.8,-8333.49,582.485,2882.07,2.36075,-5101.48
205.9,6.3086,42188.7,-8597.89,2137.54,2838.7,76.9887,-5060.44
206.0,6.29795,42175.8,-8595.48,4651.99,2796.66,81.6277,-4958.82
206.1,6.2771,42147.5,-12236.8,7624.88,2743.41,15.2022,-4969.49
206.2,6.25992,42210.6,-16437.3,9219.84,2724.73,-90.3815,-5117.36
206.3,6.26389,42341.1,-17583.6,9132.73,2728.35,-92.7933,-5141.28
206.4,6.27889,42421.2,-16058.4,7513.6,2713.72,-31.5478,-4955.3
206.5,6.30132,42459.5,-16329.6,5558.74,2766.76,18.4876,-4865.16
206.6,6.32194,42401.6,-19333.0,4970.42,2795.13,56.0079,-4998.44
206.7,6.3293,42311.0,-22450.8,6158.85,2807.54,98.1848,-5085.54
206.8,6.3305,42255.1,-21901.8,7954.17,2776.8,96.5114,-4975.61
206.9,6.33337,42244.0,-20805.1,9634.32,2769.57,72.7327,-4849.42
207.0,6.33176,42223.2,-23182.5,10391.3,2779.72,49.8732,-4897.61
207.1,6.32689,42190.9,-28070.5,9914.28,2819.5,19.4613,-5033.51
207.2,6.31651,42157.8,-31344.2,8743.18,2870.06,-13.4383,-5051.69
207.3,6.30183,42141.2,-32560.9,7459.03,2887.72,-30.6962,-4947.11
207.4,6.28936,42182.1,-34004.4,6212.94,2899.71,-33.4936,-4932.59
207.5,6.27872,42210.0,-36085.3,3937.86,2868.26,-48.5355,-5058.79
207.6,6.26864,42268.6,-36623.0,637.833,2839.42,12.841,-5111.61
207.7,6.26001,42297.7,-34540.3,-3300.01,2816.84,113.984,-4994.25
207.8,6.25095,42340.8,-30576.3,-6727.5,2834.57,170.035,-4929.65
207.9,6.24728,42394.8,-27349.9,-9119.01,2849.44,124.461,-4974.58
208.0,6.25063,42456.8,-24438.5,-9605.57,2863.05,86.5452,-5028.29
208.1,6.26083,42502.6,-19006.5,-9524.32,2887.28,17.7528,-4998.89
208.2,6.2817,42561.5,-11901.2,-9135.17,2872.23,-25.4757,-4875.71
208.3,6.31528,42566.5,-7182.76,-7339.14,2879.86,-11.8368,-4803.33
208.4,6.33982,42484.2,-7181.73,-3581.57,2887.73,-4.94875,-4851.55
208.5,6.35872,42402.7,-7510.36,1694.24,2879.23,-51.0592,-4976.48
208.6,6.3636,42264.7,-6573.93,7554.68,2819.16,-104.089,-4957.27
208.7,6.33807,42136.3,-4454.47,11225.5,2742.14,-157.818,-4892.19
208.8,6.31099,42162.6,-5499.9,11606.3,2684.25,-136.676,-4933.09
208.9,6.2869,42215.0,-8111.84,9379.26,2644.67,-78.8792,-5103.38
209.0,6.27084,42324.9,-10155.6,6880.95,2627.98,-10.0386,-5138.97
209.1,6.26426,42390.1,-9944.43,6059.43,2618.06,-6.02975,-5014.66
209.2,6.25346,42379.8,-9204.04,7733.43,2609.9,-54.9993,-4968.33
209.3,6.23593,42382.3,-10095.4,9763.5,2621.25,-123.214,-5035.42
209.4,6.2252,42459.7,-10419.5,10679.2,2619.57,-114.77,-5078.5
209.5,6.22516,42569.6,-10702.6,10429.6,2640.22,-22.7288,-4955.38
209.6,6.23534,42658.9,-12050.1,10110.8,2635.33,37.9837,-4873.25
209.7,6.24923,42687.4,-15483.1,11349.3,2637.07,18.1918,-4977.86
209.8,6.25763,42623.3,-19031.8,14178.9,2608.14,-63.5028,-5107.82
209.9,6.26179,42607.1,-20777.2,17449.7,2598.87,-118.863,-5085.79
210.0,6.2716,42596.9,-21548.5,19654.2,2581.16,-143.7,-5015.25
210.1,6.27724,42586.0,-23094.8,20039.7,2575.99,-131.481,-5044.33
210.2,6.28265,42595.9,-26331.4,19263.4,2614.85,-61.3107,-5090.72
210.3,6.28052,42548.5,-28968.5,18419.8,2661.7,-7.89125,-5040.92
210.4,6.26086,42509.6,-29935.0,17751.1,2700.14,-9.4405,-4952.51
210.5,6.24128,42540.7,-31105.7,16946.8,2717.9,-38.74,-4924.46
210.6,6.22092,42588.4,-32904.1,15776.2,2749.06,-31.116,-4991.77
210.7,6.19985,42635.9,-33756.5,13105.6,2770.33,-33.855,-5060.93
210.8,6.18558,42713.6,-31871.6,9963.42,2769.13,-16.962,-5066.6
210.9,6.17516,42753.7,-28630.1,7410.14,2774.46,-11.7382,-5023.29
211.0,6.1682,42821.1,-25942.4,5461.55,2777.59,-48.2697,-4992.11
211.1,6.1813,42927.6,-24638.4,4776.14,2782.76,-50.1665,-4991.14
211.2,6.20164,42950.3,-21599.4,4973.26,2800.96,-49.6959,-5004.91
211.3,6.21722,42947.4,-17477.7,4859.01,2826.29,-63.721,-4919.51
211.4,6.23994,42928.9,-13524.8,5134.65,2862.08,-34.8406,-4843.33
211.5,6.24283,42820.1,-11547.9,5732.7,2895.98,-22.1427,-4894.45
211.6,6.2447,42848.8,-11718.4,7345.79,2896.86,11.0739,-5006.44
211.7,6.25702,42860.5,-14039.1,10139.0,2871.76,-15.5689,-5026.12
211.8,6.25538,42823.5,-15976.6,12666.9,2846.68,-96.7347,-5047.97
211.9,6.25692,42839.3,-17924.8,13536.7,2802.35,-135.869,-5066.27
212.0,6.2531,42783.4,-19120.6,13317.5,2766.89,-87.8165,-5096.55
212.1,6.2272,42718.8,-19713.6,11858.4,2728.32,-56.5082,-5079.55
212.2,6.20965,42795.1,-18801.6,10509.8,2733.72,-46.546,-5075.53
212.3,6.19526,42838.5,-17525.2,10670.8,2730.66,-7.33875,-5047.48
212.4,6.17048,42865.0,-15707.5,10907.3,2722.43,8.20588,-5022.49
212.5,6.15858,42972.1,-14785.1,11752.6,2724.17,72.5026,-4996.06
212.6,6.1478,42985.2,-15553.1,12983.2,2730.77,105.787,-4955.02
212.7,6.13659,43058.6,-17111.8,14058.9,2698.31,85.4355,-4956.41
212.8,6.15459,43193.6,-20351.5,15874.8,2694.77,54.4725,-4955.17
212.9,6.17267,43183.0,-23605.5,17758.0,2676.81,-28.2188,-4979.75
213.0,6.19059,43199.5,-27139.0,18634.7,2700.86,-91.262,-5037.96
213.1,6.21887,43173.2,-31308.5,19276.1,2746.75,-66.5202,-5092.88
213.2,6.22077,43035.7,-34640.4,19305.2,2774.65,-30.679,-5161.31
213.3,6.2141,43014.9,-36313.1,17607.1,2805.04,-28.8258,-5167.42
213.4,6.21515,43030.0,-35633.7,15249.1,2826.9,37.8377,-5084.81
213.5,6.20181,42998.3,-33615.9,12427.9,2836.04,134.274,-4978.77
213.6,6.18666,43025.8,-31474.6,9644.59,2824.85,177.989,-4915.45
213.7,6.17239,43014.1,-30054.2,9074.49,2809.17,165.846,-4882.88
213.8,6.13724,42992.7,-29180.8,10264.2,2814.29,96.8353,-4896.64
213.9,6.10983,43092.0,-28403.8,11266.6,2810.94,-10.7135,-4953.02
214.0,6.09401,43208.1,-27972.6,11892.3,2784.73,-45.7639,-5028.87
214.1,6.07155,43286.1,-28032.5,10495.2,2753.27,-58.3564,-5083.11
214.2,6.07173,43470.4,-27230.9,8125.75,2754.85,-11.9551,-5126.06
214.3,6.08653,43548.0,-24676.0,6761.83,2737.47,59.271,-5129.68
214.4,6.09585,43550.1,-21133.9,6577.91,2733.08,65.3591,-5058.18
214.5,6.1132,43574.6,-17173.2,6978.27,2759.84,19.3803,-4997.83
214.6,6.13065,43539.1,-13872.2,7541.42,2778.22,8.89637,-4946.47
214.7,6.1374,43509.5,-11081.8,6964.03,2815.26,31.1947,-4924.17
214.8,6.15632,43554.8,-9190.09,6020.47,2875.81,52.1096,-4916.83
214.9,6.17064,43517.0,-7110.14,5787.57,2890.84,26.8162,-4957.55
215.0,6.17212,43466.1,-7189.37,6836.61,2879.08,11.6324,-4968.1
215.1,6.16714,43413.4,-9217.0,8328.47,2870.95,-39.327,-5015.08
215.2,6.15534,43407.1,-12317.5,10667.7,2850.25,-10.7622,-5102.6
215.3,6.13883,43396.2,-14895.0,12843.2,2815.0,6.192,-5142.22
215.4,6.11632,43410.5,-17061.3,15086.3,2809.15,9.99525,-5104.61
215.5,6.085,43418.1,-16945.7,16896.3,2792.03,-9.52825,-5094.11
215.6,6.05068,43486.0,-17074.3,18511.1,2792.67,1.7275,-5060.56
215.7,6.02359,43599.5,-16556.3,19496.6,2809.09,-32.4835,-5037.91
215.8,6.01108,43768.6,-16069.3,19906.2,2822.72,-74.766,-5037.09
215.9,6.01971,43923.0,-15256.2,19804.6,2823.07,-88.95,-5036.87
216.0,6.03322,43978.3,-13799.7,18704.6,2791.63,-85.9759,-5037.34
216.1,6.04978,44001.9,-13228.9,16768.9,2749.84,-57.9375,-5008.24
216.2,6.07443,44017.2,-14830.1,15467.4,2755.55,3.935,-5009.36
216.3,6.09796,43996.3,-17882.0,15386.0,2760.45,29.7674,-5070.85
216.4,6.11552,43944.0,-19211.0,15480.6,2779.25,-45.9035,-5146.94
216.5,6.12721,43874.9,-19467.9,15033.7,2832.42,-102.419,-5092.53
216.6,6.12249,43778.2,-20012.7,13384.0,2884.12,-74.0536,-5015.02
216.7,6.11088,43745.4,-22023.1,10463.1,2943.51,-31.7553,-5048.92
216.8,6.10307,43763.0,-23623.3,7893.76,2983.72,-6.97808,-5115.87
216.9,6.09387,43759.1,-22227.5,6663.94,2986.53,-14.6079,-5074.5
217.0,6.08205,43759.3,-18324.5,6853.66,2955.09,-21.7014,-4972.83
217.1,6.06786,43742.1,-16715.2,7974.63,2921.7,-24.8838,-4947.39
217.2,6.03902,43702.2,-17390.2,8816.87,2886.69,-38.615,-5060.05
217.3,6.00611,43746.1,-18326.5,8972.24,2856.33,-24.101,-5109.02
217.4,5.98074,43859.3,-17536.3,9137.64,2847.73,1.62013,-5035.86
217.5,5.96097,43993.0,-15166.2,9229.29,2810.64,-29.4775,-4984.55
217.6,5.96519,44188.9,-14036.4,9777.97,2805.61,-62.4678,-5026.56
217.7,5.9912,44299.3,-12176.3,11523.0,2780.84,-59.329,-5088.59
217.8,6.01168,44294.7,-9305.5,13731.6,2758.38,-67.1478,-5043.0
217.9,6.03573,44288.7,-6243.48,16220.5,2766.61,-82.8662,-4946.57
218.0,6.05722,44242.1,-4839.25,19057.0,2786.74,-77.4577,-4946.35
218.1,6.06683,44218.5,-4899.47,20898.2,2820.4,-84.9037,-5024.03
218.2,6.08379,44243.0,-3809.5,21835.4,2860.65,-76.9193,-5057.89
218.3,6.08849,44163.6,-2919.64,21941.2,2898.34,-76.4922,-4956.31
218.4,6.07376,44086.5,-2586.65,21025.7,2920.71,-73.397,-4962.83
218.5,6.05967,44055.7,-5068.9,20042.2,2917.8,-49.3276,-5063.49
218.6,6.03968,44039.0,-7663.28,19839.2,2934.84,-20.9478,-5154.77
218.7,6.02577,44093.0,-8914.19,20325.7,2942.21,-16.1969,-5119.22
218.8,6.01933,44119.7,-9145.51,21893.1,2948.16,-24.8201,-5060.76
218.9,5.99728,44074.9,-10801.2,24462.1,2958.02,1.61725,-5073.16
219.0,5.96455,44077.1,-13085.9,26971.8,2961.66,4.25481,-5156.48
219.1,5.93819,44178.0,-14535.0,29651.9,2973.16,-14.0379,-5179.7
219.2,5.91862,44324.0,-14294.2,31538.5,2980.62,-66.964,-5121.65
219.3,5.92058,44535.1,-13039.2,31853.2,2997.81,-96.9368,-5098.75
219.4,5.94285,44654.2,-12016.5,31060.4,2975.06,-70.631,-5113.69
219.5,5.95998,44659.5,-11425.0,29252.6,2981.42,-46.0438,-5092.78
219.6,5.98137,44664.7,-9884.59,26819.5,2996.37,-38.0617,-5059.08
219.7,6.00581,44654.7,-8206.19,24410.4,3007.83,-19.1209,-5011.44
219.8,6.02408,44633.1,-6490.7,21449.2,3022.25,10.3441,-5037.58
219.9,6.04126,44593.2,-5564.13,18156.4,2997.27,53.0018,-5048.88
220.0,6.03972,44484.9,-5601.68,15829.9,2970.5,110.747,-5025.69
220.1,6.01818,44390.3,-6626.48,14686.7,2945.87,120.958,-5015.63
220.2,5.99649,44393.8,-7180.24,14850.3,2918.56,69.4355,-5065.0
220.3,5.97982,44425.1,-7150.81,16285.9,2876.99,28.542,-5089.38
220.4,5.96315,44453.2,-7060.58,17921.8,2850.75,-11.013,-5040.6
220.5,5.94813,44476.4,-8397.58,19236.3,2831.32,-24.9355,-5002.57
220.6,5.93578,44494.5,-11158.4,20933.6,2847.35,8.79075,-5032.62
220.7,5.9201,44518.7,-13804.5,23129.1,2873.96,32.514,-5078.67
220.8,5.90553,44573.8,-15107.8,24883.2,2892.74,-15.057,-5069.83
220.9,5.89752,44676.1,-14350.9,26046.1,2893.23,-20.5907,-5078.7
221.0,5.89506,44768.7,-12449.1,25826.1,2895.9,13.8612,-5124.88
221.1,5.90143,44871.1,-10156.6,24398.2,2885.6,32.704,-5159.52
221.2,5.91873,44945.8,-7183.82,23639.0,2885.08,53.0018,-5155.21
221.3,5.92935,44927.7,-3445.63,23307.5,2881.74,-8.447,-5114.58
221.4,5.94366,44966.6,213.067,23314.2,2880.86,-44.1488,-5050.0
221.5,5.96055,44968.5,2870.02,23163.8,2896.53,-53.9286,-4984.32
221.6,5.96249,44928.4,3427.87,22817.7,2909.33,-19.5309,-4929.53
221.7,5.9569,44901.3,2530.57,22343.3,2925.13,-2.51095,-4923.62
221.8,5.93743,44867.3,298.033,22573.5,2922.48,20.0252,-4945.68
221.9,5.90856,44880.7,-3051.23,23129.9,2918.02,34.6597,-4995.46
222.0,5.88696,44971.4,-5696.92,23852.9,2890.2,38.6553,-5094.08
222.1,5.87335,45043.2,-9021.14,24678.6,2883.56,39.9906,-5143.4
222.2,5.86504,45048.9,-12807.6,25808.5,2907.92,44.2381,-5161.61
222.3,5.8568,45036.3,-16038.7,26553.6,2943.24,-11.8278,-5188.98
222.4,5.85018,45048.4,-17388.0,26926.3,3003.77,-63.423,-5188.14
222.5,5.85217,45079.2,-16291.8,26973.9,3062.76,-69.6566,-5105.98
222.6,5.86124,45089.7,-13722.3,26176.1,3092.86,-77.0127,-5011.9
222.7,5.87613,45110.4,-11593.3,24529.5,3130.64,-71.3015,-4969.95
222.8,5.88814,45081.7,-9812.62,22218.8,3133.55,-30.0845,-4977.73
222.9,5.88742,45047.4,-8141.81,19432.4,3116.56,18.4095,-4971.92
223.0,5.88136,45046.4,-5455.51,16678.3,3059.8,44.3063,-4965.05
223.1,5.8794,45062.6,-2083.08,14900.8,2952.06,41.71,-4987.88
223.2,5.87784,45059.8,163.152,14051.5,2868.25,-11.7867,-5001.74
223.3,5.87576,45061.8,781.475,13187.8,2836.62,-94.9863,-5014.76
223.4,5.86761,45024.2,785.719,11644.2,2804.82,-141.395,-5051.25
223.5,5.84811,45004.1,29.3832,10026.4,2808.49,-98.756,-5035.94
223.6,5.82558,45009.1,-367.465,8590.37,2828.25,-69.4374,-4986.94
223.7,5.81665,45067.9,-1060.64,8406.15,2849.11,-55.5995,-4937.58
223.8,5.82451,45103.2,-2941.69,9613.82,2919.93,-37.6287,-4931.07
223.9,5.83311,45090.3,-4445.53,10967.2,2986.98,-37.8616,-4998.45
224.0,5.83535,45053.8,-5316.01,11804.3,3005.75,-34.1474,-5029.67
224.1,5.81885,44998.8,-6885.4,11778.3,2982.35,-34.7279,-5001.86
224.2,5.80987,45069.3,-8096.91,11565.7,2976.15,-8.24534,-5072.46
224.3,5.8296,45143.1,-8786.32,12543.1,2965.94,4.92493,-5165.68
224.4,5.85371,45123.4,-8122.6,14817.5,2953.97,-51.6865,-5168.37
224.5,5.86505,45068.7,-5692.04,17278.7,2944.9,-139.659,-5110.13
224.6,5.85062,44988.3,-3232.79,18436.7,2959.35,-163.456,-5053.09
224.7,5.8173,44956.3,-758.45,17195.5,2971.32,-108.068,-5026.5
224.8,5.79931,45053.0,2092.43,15421.6,3000.72,26.3978,-4974.64
224.9,5.80204,45082.6,4628.02,15311.1,3019.01,82.6393,-4890.26
225.0,5.80498,45070.6,5674.76,17757.1,3033.94,24.032,-4884.99
225.1,5.79577,45021.3,4241.63,21406.9,3045.75,-75.0488,-4968.71
225.2,5.76829,44964.5,2204.9,24207.9,3054.29,-111.233,-5083.59
225.3,5.73808,45004.1,1660.19,24147.2,3062.27,-104.015,-5137.34
225.4,5.74373,45131.1,1349.82,22403.0,3100.41,-60.5117,-5123.04
225.5,5.77172,45158.9,-315.072,21195.6,3112.7,-20.4333,-5117.67
225.6,5.80107,45143.3,-2840.99,21592.5,3160.28,-31.4395,-5155.75
225.7,5.81431,45068.0,-5080.64,23514.5,3190.31,-78.9993,-5133.61
225.8,5.79961,44995.4,-5488.78,25014.6,3210.76,-125.928,-5034.19
225.9,5.78275,45030.3,-5321.03,24700.5,3205.46,-92.7048,-4961.05
226.0,5.77868,45068.3,-5678.25,22282.0,3181.96,-32.405,-4964.81
226.1,5.78461,45098.7,-6964.04,18862.1,3185.66,26.1073,-5008.3
226.2,5.79493,45083.5,-7343.8,15877.2,3185.95,44.5036,-5065.14
226.3,5.78518,45001.3,-6458.54,14112.6,3142.27,24.5341,-5092.6
226.4,5.75761,44981.0,-5567.85,13287.9,3115.13,2.54713,-5116.83
226.5,5.7384,45025.6,-4514.19,13001.0,3097.38,-5.505,-5156.83
226.6,5.73231,45065.2,-2360.99,12351.5,3090.39,-36.0327,-5158.7
226.7,5.73595,45086.2,592.221,10827.3,3087.57,-51.0357,-5030.8
226.8,5.73654,45047.6,2766.04,8654.83,3113.98,-29.2491,-4880.49
226.9,5.72097,45009.9,2974.61,6350.04,3160.53,11.032,-4840.67
227.0,5.71077,45053.7,1374.7,4443.46,3228.47,25.5796,-4867.84
227.1,5.72162,45126.2,561.89,3602.38,3288.25,27.5768,-4894.05
227.2,5.75055,45162.7,-266.598,3604.24,3320.77,43.2791,-4910.3
227.3,5.78228,45145.1,-2550.69,3911.25,3347.26,53.86,-5003.16
227.4,5.79268,45059.7,-5115.17,3927.2,3335.08,43.937,-5171.44
227.5,5.78277,45020.9,-5730.05,4578.37,3264.75,75.1789,-5258.78
227.6,5.76745,45023.9,-4266.2,5652.82,3229.94,44.8307,-5176.59
227.7,5.76746,45092.6,-2920.59,7649.68,3193.25,1.8205,-5062.97
227.8,5.77912,45097.4,-1630.01,10405.5,3190.82,-46.2318,-5064.47
227.9,5.77286,45016.3,317.274,12949.7,3184.4,-87.9108,-5029.67
228.0,5.74616,44973.2,4859.8,14780.0,3192.75,-86.127,-4922.93
228.1,5.713,44962.0,9638.64,16348.2,3187.49,-42.1833,-4828.6
228.2,5.68852,45025.3,11522.1,18000.6,3215.5,2.2595,-4884.02
228.3,5.69799,45130.6,11751.2,20365.8,3257.62,28.5623,-5067.37
228.4,5.71737,45110.3,11008.5,22924.3,3302.14,-2.99925,-5145.46
228.5,5.72143,45053.9,11798.8,24445.8,3323.68,-43.7313,-5145.65
228.6,5.71175,45022.1,11439.0,24092.4,3324.81,-81.5765,-5140.58
228.7,5.70375,45060.1,9593.52,22653.4,3345.15,-72.891,-5174.3
228.8,5.72351,45166.1,6952.51,20910.9,3362.05,-78.0713,-5143.05
228.9,5.768,45208.9,5120.37,19725.2,3382.96,-97.8136,-5036.32
229.0,5.80602,45140.8,3033.25,19328.7,3398.35,-102.133,-4930.03
229.1,5.81196,45045.8,594.397,18783.2,3442.62,-69.5006,-4938.88
229.2,5.7931,44986.1,-1530.3,17877.3,3441.3,1.6775,-5020.12
229.3,5.76665,44995.5,-3001.29,17259.6,3397.39,94.3928,-5031.99
229.4,5.75575,45065.8,-4516.73,17950.0,3381.3,152.282,-5045.81
229.5,5.76105,45089.4,-6453.05,20355.0,3372.89,104.567,-5153.4
229.6,5.75744,45026.5,-7514.93,23824.7,3386.69,-21.2645,-5261.13
229.7,5.72558,44942.3,-6400.51,26415.5,3390.85,-148.986,-5225.2
229.8,5.67917,44925.6,-4313.32,26754.1,3396.62,-207.375,-5077.95
229.9,5.65166,45031.2,-4557.37,25362.2,3423.5,-164.196,-4976.21
230.0,5.66822,45161.4,-6316.56,23643.8,3430.54,-99.4776,-4978.84
230.1,5.71002,45193.5,-6334.52,22367.0,3425.77,-90.6892,-4966.15
230.2,5.74479,45141.8,-4869.21,21465.9,3428.43,-62.6162,-4855.37
230.3,5.7499,45027.9,-4375.24,19842.2,3409.24,-7.50313,-4835.94
230.4,5.72925,44999.0,-6629.72,16180.8,3401.48,34.509,-5021.02
230.5,5.73263,45124.9,-8885.18,12341.3,3439.8,116.311,-5216.94
230.6,5.76481,45178.8,-7933.84,10306.0,3469.39,130.217,-5229.86
230.7,5.80139,45172.8,-5613.44,10999.5,3496.77,36.9147,-5122.71
230.8,5.82446,45097.2,-5435.05,13767.5,3535.88,-116.339,-5078.88
230.9,5.81088,44984.8,-7498.51,16743.6,3581.29,-201.817,-5111.66
231.0,5.78523,45005.1,-7516.6,18250.6,3585.47,-175.717,-5057.09
231.1,5.77724,45063.8,-4693.31,18495.2,3559.71,-119.145,-4874.07
231.2,5.77837,45074.8,-1963.42,18593.2,3497.21,-64.8304,-4768.81
231.3,5.77396,45033.6,-3014.04,18761.7,3445.08,-37.1297,-4872.53
231.4,5.75154,44975.0,-5217.73,19502.7,3407.31,-1.31475,-5092.59
231.5,5.71388,44947.3,-4950.45,20012.3,3389.33,7.10488,-5208.69
231.6,5.68581,44946.6,-2062.04,19843.5,3368.28,-11.3254,-5167.69
231.7,5.68626,44874.1,-1309.24,19535.4,3398.16,-15.4835,-5124.77
231.8,5.71168,45001.2,-3698.9,19707.4,3449.87,-37.0592,-5176.24
231.9,5.74431,45182.9,-6319.58,20441.9,3508.9,-86.8752,-5161.41
232.0,5.77322,45110.0,-6046.56,21537.5,3540.85,-142.58,-5004.52
232.1,5.78644,45094.3,-4410.99,21783.1,3560.45,-172.71,-4828.26
232.2,5.80824,45153.2,-5317.28,20450.1,3581.53,-121.634,-4825.6
232.3,5.84113,45159.1,-7877.51,18376.8,3580.14,-20.3513,-4993.08
232.4,5.8591,45099.4,-10520.6,16345.7,3562.3,77.7431,-5094.06
232.5,5.86117,45057.9,-10059.0,15330.5,3526.59,128.936,-5107.4
232.6,5.84807,45019.5,-9661.61,16017.8,3502.98,137.559,-5096.74
232.7,5.82786,45009.9,-10497.3,17341.1,3473.29,88.2848,-5150.36
232.8,5.81781,45054.2,-12956.4,18788.9,3491.05,34.1509,-5169.2
232.9,5.81097,45036.5,-13455.0,20517.4,3493.92,-7.71338,-5121.62
233.0,5.79355,45003.0,-12382.9,21839.1,3521.64,-82.9242,-5001.12
233.1,5.77783,45019.8,-11525.5,22936.5,3549.04,-123.348,-4918.29
233.2,5.76249,45010.3,-11913.1,24036.4,3568.9,-92.4457,-4951.3
233.3,5.75269,45048.5,-12541.5,24569.2,3612.75,-35.6287,-5033.0
233.4,5.76336,45110.8,-12884.0,24971.5,3628.71,41.966,-5046.73
233.5,5.77962,45099.2,-13485.3,25664.4,3638.45,110.596,-5053.66
233.6,5.79206,45091.0,-14470.7,25804.8,3634.68,114.362,-5119.88
233.7,5.80656,45110.9,-16516.9,24651.2,3623.32,62.8128,-5147.65
233.8,5.82207,45102.2,-17149.1,22297.9,3595.04,36.0658,-5136.23
233.9,5.83795,45122.1,-16336.4,18966.9,3558.64,25.3285,-5095.21
234.0,5.86492,45155.4,-15189.4,15983.9,3558.75,5.02462,-5060.3
234.1,5.88689,45114.5,-14552.5,14567.3,3556.52,-14.8639,-5041.06
234.2,5.8904,45057.9,-13292.0,14041.2,3558.19,-35.7832,-5038.9
234.3,5.88008,45032.9,-11151.0,13553.2,3571.98,-1.33337,-5007.05
234.4,5.86166,45006.7,-8120.67,12289.0,3569.05,64.9727,-4950.33
234.5,5.83895,45011.0,-6218.63,10061.5,3548.97,132.113,-4909.93
234.6,5.82481,45036.7,-5282.71,8004.99,3550.03,158.681,-4951.39
234.7,5.81857,45054.2,-5793.08,8137.26,3593.79,168.484,-5006.38
234.8,5.81292,45042.7,-7028.61,10419.5,3627.08,102.588,-5043.01
234.9,5.80717,45041.6,-8699.96,14385.9,3636.03,3.21606,-5094.08
235.0,5.80362,45046.8,-10917.0,18588.2,3650.65,-63.7098,-5121.96
235.1,5.80548,45081.4,-11689.4,20102.4,3677.81,-126.912,-5124.86
235.2,5.82961,45150.8,-11298.1,18451.6,3685.24,-115.115,-5055.23
235.3,5.85773,45128.5,-11337.9,15703.0,3681.0,28.0775,-4961.5
235.4,5.88088,45120.7,-12961.9,13690.7,3711.74,130.838,-4942.5
235.5,5.90258,45125.7,-14758.2,13423.8,3718.84,114.63,-4999.21
235.6,5.91997,45099.1,-14980.0,14410.6,3718.29,64.5723,-5019.71
235.7,5.92408,45070.7,-13428.7,14415.8,3719.67,60.1642,-4989.98
235.8,5.92321,45060.4,-12445.7,12466.0,3725.73,92.6515,-5001.67
235.9,5.91281,45022.7,-12093.1,9786.18,3695.99,101.223,-5091.82
236.0,5.89687,45035.2,-11742.3,8191.49,3677.07,74.5758,-5131.11
236.1,5.89393,45077.9,-11129.9,9036.16,3678.15,21.1035,-5044.71
236.2,5.8968,45070.2,-10702.5,12077.1,3679.04,-55.1808,-4977.1
236.3,5.89453,45052.6,-11625.0,15610.7,3668.68,-106.159,-4980.34
236.4,5.88455,45025.4,-13049.5,17714.8,3697.11,-106.381,-4996.55
236.5,5.8688,45009.3,-12873.3,18031.4,3711.22,-23.082,-4971.9
236.6,5.86169,45062.5,-12086.2,17052.1,3738.85,59.2039,-4942.22
236.7,5.87399,45114.5,-13278.8,16897.4,3765.03,114.19,-4981.9
236.8,5.89504,45112.9,-15820.0,18669.7,3771.71,98.782,-5114.31
236.9,5.90901,45099.3,-16746.1,21396.0,3757.51,9.0345,-5208.86
237.0,5.91956,45078.9,-14734.9,23446.7,3715.21,-93.2292,-5168.84
237.1,5.92258,45063.3,-12187.3,23348.6,3672.82,-139.584,-5078.0
237.2,5.93278,45114.2,-11810.0,21122.2,3646.94,-98.6162,-5076.39
237.3,5.95356,45127.1,-13007.9,18089.6,3642.42,-43.8968,-5100.42
237.4,5.97024,45106.6,-12962.6,15724.0,3661.6,-5.6835,-5047.68
237.5,5.97853,45028.3,-10187.7,14387.5,3683.34,9.35888,-4948.71
237.6,5.96808,44875.7,-8363.94,13399.8,3662.65,26.0775,-4878.16
237.7,5.94088,44778.4,-8401.61,11632.6,3649.99,64.07,-4946.95
237.8,5.92603,44844.1,-9459.09,9531.73,3674.5,130.4,-5059.94
237.9,5.92824,44928.5,-8739.16,8959.61,3663.18,166.755,-5107.46
238.0,5.93269,44920.7,-7068.13,10852.0,3651.21,99.6423,-5088.06
238.1,5.93643,44875.0,-6698.48,15382.4,3674.79,-25.231,-5094.3
238.2,5.93442,44788.8,-8834.48,20022.7,3747.54,-157.087,-5138.36
238.3,5.93167,44773.1,-10273.5,22106.8,3778.3,-213.88,-5160.27
238.4,5.9429,44833.5,-10052.4,20866.8,3824.33,-148.34,-5048.34
238.5,5.96295,44856.2,-9884.06,17223.7,3843.53,-42.1075,-4880.8
238.6,5.98816,44866.5,-10962.2,12927.9,3870.5,42.1007,-4869.71
238.7,6.02019,44800.8,-13055.3,10699.4,3859.8,143.615,-4991.62
238.8,6.03241,44615.0,-13410.8,10440.5,3815.71,150.245,-5080.63
238.9,6.03116,44510.8,-11017.2,11411.3,3780.34,114.238,-5107.36
239.0,6.03265,44462.1,-9469.94,12515.9,3764.05,74.2345,-5107.88
239.1,6.02585,44432.2,-9733.12,12813.6,3733.43,66.5636,-5177.87
239.2,6.02205,44460.4,-10466.0,12570.9,3702.82,78.4904,-5196.0
239.3,6.02325,44440.8,-10401.2,13414.2,3680.64,53.647,-5046.32
239.4,6.01893,44421.2,-10124.5,15510.2,3688.43,-23.3468,-4870.39
239.5,6.02787,44413.8,-11005.2,17551.9,3710.27,-108.994,-4841.65
239.6,6.03464,44339.3,-12288.4,19430.2,3739.19,-65.5119,-4927.55
239.7,6.02366,44211.6,-12163.9,19472.4,3756.03,6.878,-4987.25
239.8,6.01162,44190.2,-11748.3,18500.5,3761.0,87.5676,-4965.6
239.9,6.00543,44203.5,-13507.5,17391.2,3767.86,149.852,-5008.07
240.0,6.01444,44298.5,-15834.2,17001.9,3785.57,207.394,-5165.42
240.1,6.04608,44359.4,-17470.4,18006.8,3808.89,205.806,-5203.49
240.2,6.07394,44253.0,-16837.0,20520.8,3823.34,122.417,-5070.07
240.3,6.08358,44096.6,-17549.8,23452.5,3811.36,1.303,-4938.54
240.4,6.08311,43985.5,-20236.0,25355.2,3786.36,-91.8046,-4974.71
240.5,6.08384,43988.6,-22882.0,25682.4,3737.35,-81.1309,-5024.76
240.6,6.09849,44055.8,-22742.1,24349.0,3686.62,-16.3062,-4958.97
240.7,6.11726,44042.3,-21578.4,21951.1,3664.26,44.4,-4876.75
240.8,6.12182,43912.1,-22109.7,19578.1,3664.08,140.342,-4963.35
240.9,6.10189,43723.7,-23267.2,17605.7,3623.09,223.883,-5150.77
241.0,6.06794,43657.7,-22976.2,16016.9,3597.28,256.592,-5168.48
241.1,6.04952,43763.8,-19383.7,14978.8,3599.62,230.625,-5067.69
241.2,6.05187,43901.6,-16527.0,14793.5,3616.37,193.767,-4972.71
241.3,6.06129,43940.2,-16891.6,15363.1,3635.74,135.334,-4984.29
241.4,6.06078,43877.9,-17705.2,16735.2,3627.39,59.7012,-5038.3
241.5,6.05654,43842.9,-16750.3,18644.0,3646.43,5.89975,-4975.28
241.6,6.06867,43915.5,-13927.2,21060.8,3654.22,-1.02663,-4881.11
241.7,6.10055,43981.8,-13290.7,23092.6,3667.75,6.29862,-4861.32
241.8,6.13749,43934.8,-15888.7,23654.4,3706.0,7.61363,-4952.29
241.9,6.15495,43759.3,-17432.8,21535.4,3719.01,57.4816,-5057.02
242.0,6.15564,43592.7,-17570.3,18296.3,3724.09,214.295,-5019.57
242.1,6.14938,43527.7,-17890.8,16193.5,3755.64,320.352,-4975.14
242.2,6.1572,43579.3,-19202.9,16675.0,3799.45,264.93,-5077.69
242.3,6.17634,43593.8,-21103.2,19642.1,3833.42,112.908,-5165.48
242.4,6.1705,43444.8,-20806.8,22473.7,3833.48,5.244,-5118.34
242.5,6.13398,43286.5,-18911.7,22659.4,3763.97,-43.3952,-4991.03
242.6,6.09007,43301.7,-17836.2,20404.8,3681.31,-39.9152,-4937.86
242.7,6.06316,43487.6,-17327.5,17787.4,3554.41,13.4319,-4960.69
242.8,6.07365,43743.4,-17635.0,16523.2,3509.02,61.5904,-4919.33
242.9,6.10549,43842.7,-17881.5,17035.2,3505.25,69.4835,-4873.17
243.0,6.12754,43712.5,-18071.4,17827.3,3544.89,48.4142,-4946.82
243.1,6.12016,43497.9,-19827.4,17125.1,3633.32,70.0703,-5027.05
243.2,6.10196,43414.7,-19915.6,14991.1,3684.23,154.903,-5087.24
243.3,6.09691,43524.2,-19447.0,12895.7,3689.07,222.217,-5053.22
243.4,6.13075,43733.3,-20473.8,13295.8,3666.29,191.671,-4991.13
243.5,6.18233,43768.9,-23476.4,16713.6,3609.6,46.849,-5008.89
243.6,6.21726,43569.8,-25719.0,20443.1,3566.63,-139.73,-5045.36
243.7,6.22067,43287.9,-24619.7,21342.2,3499.2,-220.758,-4982.72
243.8,6.20741,43134.9,-23484.2,19104.3,3443.45,-96.1852,-4842.02
243.9,6.19571,43152.5,-25130.5,15312.3,3434.81,67.7065,-4840.66
244.0,6.20383,43275.3,-28618.8,12952.6,3475.11,188.541,-5000.35
244.1,6.21626,43248.6,-30972.9,12960.1,3512.15,203.014,-5084.47
244.2,6.1992,43080.8,-30429.0,14482.4,3526.26,199.867,-5012.77
244.3,6.15055,42890.9,-28639.5,15066.2,3475.46,157.662,-4990.1
244.4,6.09254,42916.8,-27373.4,14459.1,3421.25,110.545,-5057.86
244.5,6.06575,43194.9,-26721.1,13537.1,3356.61,69.5915,-5091.82
244.6,6.0872,43517.0,-24785.7,14081.4,3328.76,5.36831,-5019.89
244.7,6.13337,43639.0,-23653.4,16398.4,3326.85,-92.0958,-4897.76
244.8,6.16845,43520.0,-24540.6,18550.6,3360.93,-172.532,-4875.47
244.9,6.17956,43303.8,-25934.8,18604.6,3396.65,-129.757,-4934.7
245.0,6.17516,43202.0,-25957.2,15494.1,3438.55,9.28512,-4917.5
245.1,6.18762,43294.9,-24748.7,10688.7,3439.31,191.025,-4834.2
245.2,6.22313,43394.6,-24647.9,7388.44,3450.95,305.925,-4858.85
245.3,6.25449,43317.5,-26431.6,6714.16,3473.64,258.573,-4998.29
245.4,6.26428,43104.1,-27193.3,8673.7,3452.36,139.434,-5128.28
245.5,6.23859,42848.0,-25500.4,11466.4,3449.04,15.735,-5146.0
245.6,6.19566,42782.4,-23735.2,12675.9,3427.47,-69.7215,-5074.99
245.7,6.1771,42965.5,-22978.5,12988.7,3379.72,-46.975,-5052.18
245.8,6.17678,43114.9,-23090.2,13426.1,3376.46,-21.6378,-5024.19
245.9,6.18068,43173.8,-21670.8,14594.7,3408.86,-13.9722,-4919.93
246.0,6.17113,43067.7,-19208.2,16064.2,3396.45,-17.224,-4799.34
246.1,6.12511,42901.1,-18505.8,16274.1,3359.97,22.6975,-4794.87
246.2,6.07818,42991.7,-19873.4,14444.3,3366.17,121.755,-4928.53
246.3,6.06913,43252.3,-21651.9,12482.5,3353.12,239.476,-5058.37
246.4,6.08786,43479.6,-21089.4,12179.8,3304.5,244.661,-5125.89
246.5,6.12049,43563.4,-19492.2,13541.2,3250.53,114.199,-5145.16
246.6,6.14213,43464.3,-18131.9,15558.1,3187.15,-37.4666,-5166.87
246.7,6.1423,43350.1,-17072.4,15866.4,3132.34,-97.6526,-5157.66
246.8,6.15379,43420.2,-15352.6,13855.5,3116.15,-65.683,-5039.09
246.9,6.19212,43557.6,-14249.9,11219.1,3149.31,23.0116,-4854.89
247.0,6.24014,43568.7,-14768.7,9771.34,3218.92,107.675,-4777.82
247.1,6.26582,43338.0,-17706.2,10110.9,3269.31,147.954,-4818.02
247.2,6.23762,42992.7,-19528.3,11214.8,3295.34,156.192,-4918.79
247.3,6.17706,42823.9,-18997.2,11482.8,3276.92,184.486,-4960.86
247.4,6.13128,42968.5,-18415.5,10686.0,3281.33,222.689,-4995.97
247.5,6.11923,43232.7,-19662.1,9775.76,3291.14,220.198,-5107.98
247.6,6.133,43387.6,-22176.4,10737.1,3297.42,170.54,-5210.17
247.7,6.13439,43300.6,-23992.8,14039.8,3320.49,62.7379,-5173.62
247.8,6.10871,43163.4,-24378.4,18304.2,3358.29,-68.7806,-5040.96
247.9,6.07877,43180.5,-25718.5,20999.3,3410.36,-141.774,-4902.9
248.0,6.06765,43375.4,-28795.9,20154.7,3433.12,-93.9583,-4847.15
248.1,6.09057,43633.6,-31617.5,16719.2,3459.25,91.6135,-4886.98
248.2,6.12875,43715.2,-32148.4,13087.0,3479.85,255.905,-4939.17
248.3,6.14761,43583.3,-30800.8,11300.3,3441.76,291.588,-4942.9
248.4,6.13936,43406.6,-29279.3,11533.5,3385.75,233.482,-5004.29
248.5,6.12168,43382.5,-27975.3,12189.2,3363.65,153.478,-5149.1
248.6,6.12778,43561.8,-25713.2,11869.0,3357.1,110.56,-5216.63
248.7,6.16028,43732.3,-22076.8,10949.3,3350.77,96.4583,-5094.09
248.8,6.18863,43691.6,-19955.7,10994.8,3386.58,90.318,-4908.16
248.9,6.18862,43497.4,-19363.1,12902.9,3451.94,53.0985,-4886.92
249.0,6.16197,43326.1,-20139.4,16883.1,3514.19,9.79625,-4895.12
249.1,6.12281,43268.2,-19260.1,20289.0,3548.61,-58.6616,-4843.25
249.2,6.10033,43415.6,-17411.3,20430.1,3559.76,-69.9926,-4780.94
249.3,6.10425,43550.4,-15878.9,17269.2,3526.95,39.8327,-4872.76
249.4,6.1066,43525.5,-15582.2,13498.6,3480.93,200.253,-5046.94
249.5,6.09934,43433.7,-15707.7,12362.0,3449.49,246.738,-5128.98
249.6,6.0865,43378.6,-15310.7,15759.0,3453.92,154.484,-5126.55
249.7,6.07196,43403.9,-13912.0,20255.6,3454.06,-35.2745,-5110.58
249.8,6.07941,43589.4,-12889.5,22617.6,3490.22,-105.399,-5036.4
249.9,6.1016,43686.2,-12181.7,21194.5,3519.11,-57.5815,-4907.0
250.0,6.11372,43685.8,-13224.7,17656.9,3531.32,32.3011,-4766.31
250.1,6.12154,43669.9,-16572.2,15052.6,3555.53,65.5947,-4737.58
250.2,6.12802,43648.2,-21386.0,16103.0,3564.97,79.1332,-4805.68
250.3,6.13425,43661.9,-26033.1,19262.9,3551.36,39.1426,-4890.4
250.4,6.1467,43688.5,-29055.0,21674.3,3541.54,6.79425,-4986.73
250.5,6.15531,43638.7,-32209.9,21975.8,3574.76,78.6673,-5075.5
250.6,6.14259,43522.0,-36205.3,19054.4,3598.69,142.135,-5143.95
250.7,6.12736,43516.3,-39810.4,15324.1,3623.45,190.993,-5163.03
250.8,6.12315,43549.4,-40498.6,13975.7,3658.35,184.08,-5101.69
250.9,6.12878,43612.1,-38429.3,15925.9,3689.48,102.649,-4971.89
251.0,6.15365,43622.5,-37018.4,19766.8,3722.02,-44.6017,-4856.26
251.1,6.16357,43451.7,-35051.3,23089.3,3729.62,-139.732,-4883.59
251.2,6.14777,43288.3,-33427.5,22706.2,3752.21,-123.643,-4885.48
251.3,6.13824,43268.9,-32293.1,19103.8,3767.37,17.7261,-4807.12
251.4,6.14,43334.8,-33187.7,14291.3,3812.06,133.646,-4807.33
251.5,6.16441,43467.8,-34321.1,10796.9,3830.94,192.191,-4977.57
251.6,6.20283,43446.8,-32446.3,9736.71,3823.42,144.839,-5106.99
251.7,6.20794,43235.0,-27704.5,9271.15,3801.8,39.4449,-5008.93
251.8,6.193,43103.3,-22202.1,7335.1,3795.77,-20.7841,-4923.36
251.9,6.1809,43118.7,-20185.5,4345.27,3811.23,26.6961,-4951.2
252.0,6.18041,43251.3,-20490.6,1798.96,3828.32,106.835,-4987.81
252.1,6.20973,43394.1,-20641.9,1903.04,3862.92,118.742,-4861.88
252.2,6.23603,43319.9,-20034.6,5582.49,3890.7,50.9942,-4701.35
252.3,6.2328,43101.4,-20262.9,9868.23,3879.95,-71.4782,-4705.31
252.4,6.21567,42968.9,-21829.2,12191.4,3838.18,-107.228,-4834.41
252.5,6.20668,42963.3,-21867.1,12176.7,3777.58,-19.0184,-4953.73
252.6,6.21434,43064.0,-20598.7,10603.4,3721.06,85.2965,-4976.78
252.7,6.25614,43134.0,-19995.3,10410.6,3717.09,145.168,-5022.91
252.8,6.28384,42950.1,-20018.6,12765.6,3719.65,104.101,-5134.17
252.9,6.28394,42702.0,-20205.7,16332.2,3740.19,45.9533,-5149.12
253.0,6.27342,42536.6,-18893.0,19753.5,3763.43,2.7165,-5006.25
253.1,6.26137,42533.8,-17472.9,22035.4,3790.2,-3.75125,-4851.15
253.2,6.27309,42647.7,-17235.9,22656.4,3758.43,-17.6733,-4796.14
253.3,6.30137,42694.1,-19085.3,22943.3,3744.48,-26.501,-4798.31
253.4,6.31942,42592.9,-22655.1,23792.9,3778.23,9.24025,-4817.71
253.5,6.32472,42438.6,-26377.5,25217.2,3822.76,36.807,-4925.38
253.6,6.31336,42305.3,-28494.5,26935.1,3833.12,55.7982,-5109.52
253.7,6.29486,42286.9,-31032.5,27680.6,3812.01,89.7706,-5165.15
253.8,6.29097,42383.1,-33723.1,26506.0,3779.05,124.717,-5159.17
253.9,6.30358,42477.9,-36830.0,23954.5,3773.64,156.049,-5152.28
254.0,6.32021,42457.1,-37851.3,21342.1,3753.14,148.453,-5127.64
254.1,6.32233,42335.7,-36728.5,19616.8,3736.86,71.5906,-4996.85
254.2,6.31996,42244.4,-33329.2,19148.9,3706.87,-13.2372,-4864.97
254.3,6.32647,42253.9,-31204.6,18675.9,3716.89,-77.4738,-4813.76
254.4,6.35198,42303.8,-29377.7,16655.0,3731.03,-83.2124,-4877.43
254.5,6.388,42268.6,-26589.2,12641.4,3747.27,-1.09637,-4913.6
254.6,6.41741,42134.9,-22759.8,7902.78,3780.08,142.408,-4873.37
254.7,6.42995,41934.8,-20245.1,4395.4,3786.57,257.918,-4834.55
254.8,6.43585,41803.0,-21466.6,3993.17,3840.58,279.767,-4882.05
254.9,6.44086,41720.5,-23587.5,6059.87,3881.43,154.796,-4998.23
255.0,6.4428,41668.0,-23266.9,7649.21,3882.95,-32.911,-5019.08
255.1,6.44338,41613.1,-21309.7,6532.4,3873.9,-131.87,-4923.35
255.2,6.43802,41557.8,-20951.5,3148.52,3868.61,-56.968,-4879.13
255.3,6.43434,41540.5,-23262.8,-870.541,3868.04,19.1077,-4959.25
255.4,6.44414,41574.7,-24951.1,-1670.71,3845.69,72.7965,-5035.09
255.5,6.45782,41545.9,-23730.3,1349.79,3809.57,67.3503,-4980.44
255.6,6.46543,41483.1,-22179.4,5533.02,3759.48,31.11,-4873.73
255.7,6.46758,41390.5,-21519.6,8530.97,3684.6,44.5532,-4931.95
255.8,6.45147,41289.6,-22163.6,8906.32,3656.75,92.3323,-5040.28
255.9,6.44164,41324.3,-20040.3,7674.42,3622.75,111.952,-5057.87
256.0,6.45644,41430.8,-16678.9,8157.95,3574.1,100.885,-4960.8
256.1,6.48742,41462.3,-14413.3,11596.0,3576.6,-3.48325,-4934.0
256.2,6.52485,41405.5,-15288.7,16433.8,3586.12,-174.786,-5008.11
256.3,6.55114,41223.7,-15693.9,20023.2,3587.36,-257.113,-5058.18
256.4,6.56286,41055.7,-14618.8,20544.5,3593.1,-160.743,-4939.9
256.5,6.57312,40986.0,-14438.4,18588.5,3599.13,35.178,-4797.55
256.6,6.59935,40987.6,-18641.7,17467.4,3657.09,191.882,-4817.64
256.7,6.62259,40874.6,-24364.4,19115.9,3663.48,204.971,-4993.92
256.8,6.61994,40768.7,-28005.7,22466.1,3664.88,90.9752,-5085.38
256.9,6.59343,40701.0,-28690.1,25296.5,3646.95,-4.27812,-5046.82
257.0,6.55355,40681.4,-31098.4,25603.5,3603.07,-42.3517,-5031.46
257.1,6.5283,40773.6,-34486.2,23350.6,3533.88,-50.0164,-5169.37
257.2,6.5359,40861.5,-35315.0,20411.3,3471.86,-56.952,-5239.97
257.3,6.5586,40873.2,-31278.7,18471.5,3412.79,-56.5865,-5081.25
257.4,6.57771,40851.7,-24667.6,17494.5,3369.32,-67.6991,-4871.46
257.5,6.58383,40797.5,-21011.0,16907.2,3369.55,-42.131,-4838.39
257.6,6.57894,40788.0,-18762.4,15682.7,3413.3,26.0345,-4977.18
257.7,6.58672,40853.8,-16319.6,13577.6,3470.88,116.782,-4971.66
257.8,6.60784,40878.8,-12500.1,11206.0,3469.21,162.39,-4855.65
257.9,6.6311,40885.8,-11012.6,9537.99,3500.56,150.108,-4840.33
258.0,6.65679,40878.9,-13755.0,8738.33,3518.98,70.8655,-4956.72
258.1,6.68004,40875.9,-18856.5,9158.77,3493.56,-4.52175,-5047.51
258.2,6.70407,40880.6,-21768.6,10464.2,3452.09,-60.1948,-5052.84
258.3,6.72939,40879.0,-23768.5,12327.2,3409.55,-95.2131,-4971.13
258.4,6.74174,40819.4,-24728.7,13919.5,3380.77,-118.787,-4997.84
258.5,6.72881,40727.1,-24947.9,14154.2,3332.38,-106.261,-5062.29
258.6,6.69237,40696.2,-23842.4,13442.6,3317.81,32.7895,-5019.67
258.7,6.65257,40688.6,-21913.2,12126.3,3289.41,145.221,-4913.55
258.8,6.61994,40742.0,-20522.5,10354.1,3233.87,136.798,-4877.12
258.9,6.61642,40826.8,-19988.6,9105.56,3185.52,119.096,-4909.98
259.0,6.61831,40793.1,-17740.5,8121.82,3111.39,66.4628,-4920.02
259.1,6.61475,40803.5,-14221.3,6609.11,3072.69,-20.4559,-4865.11
259.2,6.62967,40862.7,-13393.9,5706.98,3084.38,-64.4504,-4835.96
259.3,6.64452,40839.4,-15890.2,5483.11,3077.88,-78.598,-4959.01
259.4,6.6701,40911.8,-19311.4,5802.89,3071.94,-42.044,-5114.82
259.5,6.71289,40929.6,-19807.5,7676.47,3078.8,37.3821,-5091.94
259.6,6.73467,40843.7,-20108.8,10266.6,3098.62,75.2591,-4914.3
259.7,6.74814,40851.6,-21876.5,12205.8,3143.37,57.3651,-4879.46
259.8,6.75541,40821.7,-24965.1,14087.9,3164.63,82.127,-4989.56
259.9,6.75154,40796.5,-26825.0,15452.3,3192.97,86.739,-5024.13
260.0,6.75431,40827.4,-26853.9,16570.1,3124.72,22.6318,-4929.16
260.1,6.75317,40785.8,-27385.6,18172.0,3056.17,-65.7233,-4936.25
260.2,6.72822,40717.6,-28122.9,18632.1,2986.16,-128.93,-5127.91
260.3,6.69848,40724.7,-26492.3,16720.1,2910.08,-113.436,-5247.97
260.4,6.67193,40733.4,-23372.6,13956.3,2873.01,26.285,-5104.97
260.5,6.64726,40743.8,-19621.9,11080.9,2887.52,128.291,-4969.85
260.6,6.63998,40813.8,-19128.0,9218.32,2930.46,145.567,-4961.46
260.7,6.63893,40788.9,-19796.6,8641.18,2976.21,105.62,-4956.61
260.8,6.63006,40785.5,-18588.8,7992.65,3021.15,63.6694,-4859.07
260.9,6.63661,40846.4,-15268.1,6485.45,3016.95,23.5291,-4761.76
261.0,6.65739,40876.4,-15543.1,5697.42,2962.25,49.3413,-4741.69
261.1,6.69015,40911.0,-19731.5,6184.41,2933.24,51.3412,-4917.89
261.2,6.73618,40952.3,-24095.4,8462.61,2913.42,21.0344,-5113.7
261.3,6.76775,40859.7,-25989.9,11346.7,2862.26,-23.4748,-5103.88
261.4,6.76844,40771.0,-27470.7,12832.1,2825.44,-31.9941,-4974.02
261.5,6.75103,40749.8,-30207.4,11799.1,2790.83,1.15794,-4977.02
261.6,6.73026,40757.8,-34290.3,9191.77,2781.88,70.056,-5034.69
261.7,6.71065,40758.3,-35144.6,6361.41,2739.36,101.951,-4987.24
261.8,6.70031,40795.9,-33053.1,5373.17,2730.02,96.0965,-4837.71
261.9,6.67935,40723.1,-29928.2,5854.95,2691.8,14.9688,-4809.64
262.0,6.63972,40680.2,-29133.4,5448.25,2674.68,-78.9415,-4896.76
262.1,6.60635,40733.6,-27552.7,2887.29,2678.0,-57.887,-5010.52
262.2,6.59063,40783.9,-25346.8,-945.632,2671.82,75.3378,-4959.97
262.3,6.59618,40849.6,-23624.8,-4366.01,2669.6,140.173,-4871.43
262.4,6.61923,40890.4,-24741.2,-5206.36,2691.94,103.626,-4905.75
262.5,6.64066,40842.6,-27446.6,-2614.08,2711.05,61.5315,-4990.61
262.6,6.64107,40789.2,-28770.0,985.849,2714.4,-7.02,-4995.12
262.7,6.63922,40811.9,-28719.2,3086.31,2717.15,-78.6854,-4912.47
262.8,6.64986,40848.8,-28285.1,3755.17,2673.94,-39.5091,-4893.2
262.9,6.66606,40868.0,-29244.4,3340.19,2655.84,30.7714,-4942.47
263.0,6.6904,40883.1,-31313.5,3124.71,2656.07,52.2837,-4956.8
263.1,6.70284,40809.1,-31472.2,4255.27,2620.08,24.9084,-4968.12
263.2,6.68019,40705.6,-30727.4,5077.55,2577.79,-49.9708,-4950.47
263.3,6.64304,40704.6,-28607.1,4014.47,2538.69,-75.0666,-4967.71
263.4,6.61404,40737.5,-26000.9,1189.83,2544.07,-6.63119,-5009.22
263.5,6.59394,40771.4,-24122.9,-2237.51,2586.57,81.7746,-4982.94
263.6,6.5802,40771.2,-23232.2,-4614.0,2590.07,88.4578,-4915.82
263.7,6.55625,40727.1,-23545.8,-5005.32,2643.42,34.8326,-4894.4
263.8,6.52845,40731.1,-24418.3,-4921.83,2671.46,-31.1777,-4890.28
263.9,6.51877,40814.3,-24224.4,-5712.29,2667.68,-54.2386,-4878.93
264.0,6.53359,40870.6,-23236.5,-7203.41,2600.98,-1.90562,-4847.28
264.1,6.55807,40884.2,-21898.5,-8939.94,2523.65,42.2519,-4871.6
264.2,6.58767,40888.3,-22391.7,-9140.74,2516.8,68.4964,-4918.17
264.3,6.59995,40802.1,-23647.3,-7462.37,2522.85,57.3213,-4996.68
264.4,6.59556,40783.8,-25871.7,-4303.51,2535.7,53.125,-5034.24
264.5,6.58312,40761.6,-25294.7,-1408.41,2514.89,10.9985,-5066.5
264.6,6.57368,40793.8,-24409.1,626.722,2507.28,5.8605,-4978.53
264.7,6.5702,40803.7,-23580.6,1612.39,2484.75,7.11875,-4884.11
264.8,6.56291,40788.7,-22669.5,2313.84,2480.33,-3.0425,-4880.67
264.9,6.5481,40756.3,-21894.2,3170.73,2458.18,-37.376,-4897.77
265.0,6.52518,40731.3,-21113.5,3852.3,2463.25,-83.0455,-4872.54
265.1,6.50408,40765.6,-19875.7,3684.66,2473.48,-82.3835,-4890.35
265.2,6.49058,40774.2,-20407.5,1149.97,2521.18,-77.9081,-4942.07
265.3,6.47942,40844.9,-22178.9,-2345.23,2560.46,35.368,-5009.62
265.4,6.46757,40861.5,-23231.0,-5692.84,2600.89,129.906,-5068.47
265.5,6.45362,40900.6,-23775.3,-7038.88,2647.49,167.287,-5021.34
265.6,6.45142,40959.0,-24115.7,-5880.2,2654.54,123.525,-4941.88
265.7,6.45593,41025.7,-25720.0,-3457.49,2673.74,21.6289,-4901.88
265.8,6.47036,41088.5,-27737.4,-1443.73,2686.25,-55.7842,-4915.14
265.9,6.48554,41096.9,-28251.0,-474.724,2687.16,-72.2629,-4926.69
266.0,6.48886,41063.1,-27205.8,-217.971,2653.2,-46.3003,-4889.65
266.1,6.48741,41082.9,-27339.4,413.622,2631.41,-9.36362,-4877.07
266.2,6.4821,41110.8,-28319.3,1940.02,2590.46,9.82537,-4996.24
266.3,6.47431,41167.2,-28694.8,3804.64,2566.44,31.825,-5105.97
266.4,6.4652,41202.4,-26736.4,4788.79,2564.59,50.8459,-5070.75
266.5,6.4417,41177.4,-24249.9,3862.75,2570.31,48.458,-4930.01
266.6,6.40803,41193.7,-24399.6,1189.54,2597.96,51.4412,-4862.12
266.7,6.37811,41289.6,-25447.0,-2092.86,2621.84,34.5412,-4929.56
266.8,6.36455,41455.3,-25166.7,-4882.94,2641.99,5.3075,-4922.3
266.9,6.37552,41605.3,-23064.4,-6452.71,2650.16,-29.6388,-4813.39
267.0,6.38953,41637.6,-19600.2,-7191.06,2649.53,-45.52,-4844.52
267.1,6.39597,41577.1,-17919.8,-8324.94,2669.41,-24.0917,-4937.78
267.2,6.3957,41542.1,-15841.8,-9508.24,2702.68,78.296,-4989.69
267.3,6.39555,41534.9,-13286.9,-10062.7,2707.25,176.957,-4896.47
267.4,6.40203,41605.5,-11952.5,-8410.64,2740.64,200.981,-4785.71
267.5,6.41424,41630.2,-13535.7,-4504.82,2759.67,105.249,-4791.99
267.6,6.41695,41594.3,-15791.7,379.739,2791.18,-35.5163,-4899.77
267.7,6.40287,41520.7,-15614.1,3659.46,2770.76,-167.713,-4921.84
267.8,6.37609,41527.7,-13280.8,3764.07,2745.38,-220.44,-4857.81
267.9,6.35601,41655.2,-9822.89,1767.33,2712.63,-136.031,-4885.24
268.0,6.35298,41823.9,-11451.3,181.558,2698.48,9.47291,-4902.27
268.1,6.35859,41942.8,-14928.9,972.356,2707.27,82.1096,-4969.49
268.2,6.35944,41929.0,-17977.7,4103.99,2730.28,58.5973,-4986.41
268.3,6.33449,41816.5,-19836.5,6502.47,2771.12,-44.0838,-4897.93
268.4,6.29378,41805.4,-20194.4,5773.41,2771.89,-69.3009,-4873.18
268.5,6.27035,41958.5,-21505.8,2756.19,2810.45,14.6622,-4918.7
268.6,6.27482,42180.3,-24080.2,120.724,2874.65,68.3948,-4976.22
268.7,6.3079,42325.8,-26332.5,347.596,2919.98,-3.65875,-5039.35
268.8,6.34183,42265.0,-27840.9,3400.51,2966.15,-137.526,-5067.04
268.9,6.35156,42085.4,-27677.0,6083.53,2993.01,-213.493,-5070.08
269.0,6.34644,41977.0,-25832.6,5847.1,2945.44,-154.577,-5024.77
269.1,6.34141,42000.7,-23927.5,3077.47,2922.18,4.527,-4920.95
269.2,6.34697,42109.9,-22968.1,-199.71,2919.94,124.956,-4844.79
269.3,6.35768,42158.0,-23690.2,-1548.58,2883.5,144.691,-4837.49
269.4,6.34964,42063.4,-25127.1,-306.056,2862.14,80.971,-4893.34
269.5,6.31652,41958.5,-26986.2,1078.75,2882.6,-41.9777,-4927.05
269.6,6.27867,42001.3,-27491.3,902.018,2880.37,-79.0015,-4985.92
269.7,6.25699,42150.3,-28067.2,-1120.72,2884.59,-42.7916,-5000.62
269.8,6.25407,42352.9,-28820.3,-3708.65,2873.09,9.71325,-4979.34
269.9,6.27447,42496.9,-28881.1,-4914.85,2875.03,13.8056,-4965.52
270.0,6.28795,42444.9,-28057.9,-4122.34,2863.5,-13.5406,-4930.37
270.1,6.28585,42359.3,-25831.2,-2418.81,2875.02,-30.6275,-4878.12
270.2,6.2823,42326.5,-23172.7,-1369.23,2894.88,-25.4316,-4824.75
270.3,6.28625,42362.0,-21058.8,-909.646,2929.06,40.6567,-4808.65
270.4,6.29686,42412.7,-21453.5,-1698.97,2998.41,50.1171,-4792.77
270.5,6.32208,42442.7,-22438.3,-2401.45,3048.28,41.7389,-4827.71
270.6,6.34211,42359.0,-24091.3,-1867.25,3091.15,20.4932,-4854.76
270.7,6.34301,42216.9,-24842.0,-1306.02,3074.68,-89.3087,-4884.05
270.8,6.34325,42198.1,-25143.0,-1362.31,3069.3,-167.363,-4925.83
270.9,6.34777,42203.2,-25001.2,-2352.97,3061.46,-134.206,-4971.54
271.0,6.35015,42228.2,-25739.4,-3753.75,3079.25,-0.738625,-4980.47
271.1,6.35336,42208.7,-27892.0,-3550.49,3119.12,118.015,-4958.69
271.2,6.33656,42107.5,-31621.8,-316.998,3178.58,148.068,-4953.23
271.3,6.29847,42030.7,-35290.1,4100.98,3191.0,79.2345,-4932.95
271.4,6.26228,42078.2,-36899.7,6868.9,3157.08,-22.884,-4908.86
271.5,6.24137,42237.2,-36833.3,6194.33,3124.0,-70.2408,-4885.08
271.6,6.25454,42457.0,-37222.8,2747.82,3085.34,-36.058,-4903.83
271.7,6.29562,42548.8,-39472.2,-195.799,3079.82,17.7,-4989.32
271.8,6.32579,42430.7,-41398.9,-1383.02,3089.1,-26.6717,-5114.16
271.9,6.34186,42282.8,-40138.0,-1275.32,3106.09,-75.3173,-5167.0
272.0,6.35226,42187.4,-37081.6,-1475.6,3159.56,-33.3512,-5063.91
272.1,6.35616,42143.1,-33206.1,-4555.87,3168.75,40.2506,-4947.47
272.2,6.37312,42213.0,-30747.9,-9467.45,3219.31,171.604,-4891.53
272.3,6.39816,42167.4,-29597.8,-13315.2,3274.76,261.293,-4796.99
272.4,6.40514,42040.9,-28906.0,-14613.4,3281.28,208.441,-4695.47
272.5,6.40958,41940.8,-27771.7,-12877.3,3237.36,74.9019,-4724.43
272.6,6.40621,41818.9,-27603.2,-9309.84,3164.71,-46.9947,-4844.56
272.7,6.39305,41788.4,-28149.2,-7202.71,3104.86,-119.931,-4975.93
272.8,6.39176,41828.1,-29892.2,-7341.41,3054.31,-81.6728,-5036.31
272.9,6.38391,41790.9,-31795.1,-7796.2,3034.75,69.2013,-5069.44
273.0,6.35926,41755.6,-32726.3,-7730.77,3010.44,153.369,-5069.79
273.1,6.34104,41775.7,-32362.4,-6418.9,2989.77,108.904,-4976.84
273.2,6.32666,41815.5,-31115.1,-4348.82,2992.99,44.1333,-4837.99
273.3,6.32189,41906.2,-29412.8,-4344.93,3020.84,9.66638,-4767.45
273.4,6.34154,41992.1,-26596.1,-6858.51,3022.67,32.0514,-4788.58
273.5,6.36808,42003.0,-24049.1,-9038.44,3065.23,131.503,-4788.45
273.6,6.39068,41934.8,-22323.6,-10290.9,3056.7,106.156,-4790.54
273.7,6.42767,41949.5,-22076.2,-8358.42,3091.51,67.9143,-4892.57
273.8,6.46073,41841.3,-23792.9,-4862.94,3116.07,21.4573,-4989.45
273.9,6.48028,41738.7,-25031.3,-2886.12,3160.04,-10.0868,-5039.54
274.0,6.49915,41633.6,-25895.9,-2025.27,3178.02,81.2302,-4985.62
274.1,6.49329,41444.3,-28802.3,-939.122,3201.84,169.791,-4898.81
274.2,6.47493,41370.8,-33746.9,902.766,3234.92,129.258,-4879.43
274.3,6.46656,41362.7,-37963.3,4018.3,3227.56,0.791,-4919.37
274.4,6.44643,41303.9,-39766.5,6676.92,3222.91,-94.0425,-4897.11
274.5,6.41953,41292.8,-39657.8,5410.08,3169.46,-146.273,-4845.24
274.6,6.39956,41344.3,-40702.3,701.129,3125.23,-79.3744,-4875.38
274.7,6.38104,41400.1,-42332.5,-5773.29,3117.97,51.1645,-5013.58
274.8,6.38311,41551.0,-44007.3,-11252.7,3139.77,170.827,-5087.68
274.9,6.40005,41601.7,-41626.6,-13483.4,3128.38,186.565,-5081.66
275.0,6.40942,41566.8,-36491.6,-12287.0,3094.76,161.484,-5011.15
275.1,6.41807,41528.5,-31788.8,-10085.9,3087.62,92.1843,-4923.21
275.2,6.42764,41501.2,-29127.9,-8387.15,3087.72,32.651,-4873.31
275.3,6.44678,41532.2,-27026.5,-7839.63,3119.22,-3.67441,-4874.48
275.4,6.48029,41562.5,-24633.2,-8277.17,3136.57,-61.5605,-4826.83
275.5,6.5226,41527.5,-23527.5,-8482.26,3150.39,-99.6491,-4772.52
275.6,6.55589,41378.0,-22281.9,-8317.09,3111.27,-113.118,-4883.04
275.7,6.5717,41200.1,-21986.9,-8024.57,3044.76,-75.4622,-5012.45
275.8,6.56987,41035.4,-20859.9,-7967.96,2976.46,1.6765,-5050.55
275.9,6.55439,40931.8,-20063.3,-7952.48,2930.92,104.955,-5022.81
276.0,6.52793,40884.4,-20795.7,-7905.83,2900.47,162.105,-5007.81
276.1,6.49771,40872.6,-22640.1,-6876.0,2857.68,162.931,-5007.97
276.2,6.45919,40871.3,-23873.3,-5285.62,2810.06,63.88,-4936.71
276.3,6.43228,40971.8,-22375.8,-3209.99,2764.02,-45.168,-4857.66
276.4,6.42639,41088.4,-19796.3,-1136.91,2740.38,-138.941,-4809.33
276.5,6.43709,41205.1,-18085.8,-137.281,2788.05,-197.964,-4844.83
276.6,6.47004,41268.0,-16462.0,-437.106,2802.56,-174.88,-4926.36
276.7,6.49871,41201.3,-16035.2,-983.586,2821.41,-58.9982,-4937.8
276.8,6.52126,41145.9,-15953.1,-742.684,2880.1,88.8572,-4937.12
276.9,6.55354,41109.4,-18320.1,1707.19,2932.41,176.753,-4952.1
277.0,6.57328,41000.6,-20001.3,6198.2,2925.06,134.584,-5046.93
277.1,6.58205,40902.8,-21976.6,10082.8,2914.78,-18.404,-5018.66
277.2,6.58628,40824.3,-23504.9,11313.5,2881.08,-163.406,-4928.95
277.3,6.58142,40787.7,-25241.1,10115.9,2820.62,-180.631,-4926.38
277.4,6.5767,40808.0,-27715.1,8332.34,2778.63,-145.298,-4997.6
277.5,6.57881,40815.9,-29975.6,8125.79,2718.04,-163.66,-5022.28
277.6,6.57022,40770.7,-30986.4,9258.1,2687.02,-216.953,-5019.71
277.7,6.55147,40738.8,-30792.3,9381.94,2679.06,-195.568,-5042.67
277.8,6.51918,40703.7,-31788.5,6699.01,2724.02,-44.956,-5037.47
277.9,6.4782,40687.8,-31283.2,1838.88,2749.82,147.219,-5051.4
278.0,6.44567,40742.1,-29600.0,-2572.58,2775.0,243.421,-5008.89
278.1,6.43633,40900.6,-27234.4,-3668.81,2756.82,196.637,-4943.25
278.2,6.44551,41016.3,-24897.8,-1826.91,2734.23,12.8131,-4937.74
278.3,6.47713,41100.2,-23704.3,1352.44,2707.51,-156.877,-4976.8
278.4,6.51378,41064.4,-21736.3,3577.48,2650.32,-235.746,-5011.68
278.5,6.54553,40993.8,-19634.5,3990.11,2622.32,-200.477,-4969.52
278.6,6.5771,40941.5,-18798.7,3867.84,2595.21,-77.7253,-4903.63
278.7,6.59841,40856.0,-19159.0,4251.13,2557.24,11.237,-4923.74
278.8,6.60941,40833.8,-19271.3,5764.77,2540.52,60.9958,-4968.87
278.9,6.60585,40773.3,-18864.2,6971.62,2558.97,43.971,-4923.8
279.0,6.57659,40699.8,-17582.9,6722.29,2551.85,31.9692,-4872.81
279.1,6.53277,40678.8,-17817.9,4776.19,2541.79,27.41,-4883.81
279.2,6.49119,40706.2,-19399.4,2357.74,2518.69,5.24263,-4936.07
279.3,6.47226,40801.1,-20146.7,1419.25,2488.25,-37.902,-4975.57
279.4,6.47453,40962.1,-19530.6,2919.41,2464.9,-97.7077,-4961.51
279.5,6.48383,41006.0,-18640.9,5870.25,2483.92,-172.861,-4947.78
279.6,6.47973,40934.9,-19120.6,7742.99,2515.66,-214.579,-4968.09
279.7,6.46571,40899.5,-20727.8,7314.16,2583.0,-136.102,-4996.13
279.8,6.45573,40947.9,-20659.4,5186.92,2618.82,28.5468,-5004.36
279.9,6.46367,41063.4,-19363.1,3329.09,2621.71,134.229,-4935.54
280.0,6.48994,41148.4,-19245.9,4215.25,2606.46,131.923,-4862.29
280.1,6.5105,41081.0,-21405.7,6665.4,2601.24,-12.1956,-4916.2
280.2,6.52096,40994.9,-24514.0,8651.21,2577.81,-132.526,-5032.32
280.3,6.52205,40936.3,-26404.4,8282.88,2528.41,-160.977,-5049.14
280.4,6.51849,40960.7,-26451.1,5964.73,2481.2,-94.8839,-5003.02
280.5,6.52632,41063.9,-26474.0,3897.09,2459.03,-22.2237,-5005.16
280.6,6.53063,41085.5,-28616.0,3780.25,2464.56,-14.9485,-5046.7
280.7,6.51745,41042.0,-31429.6,5380.54,2514.4,-33.421,-5086.1
280.8,6.48179,40942.6,-32842.8,6382.58,2560.92,-44.1497,-5050.53
280.9,6.43523,40945.4,-33168.4,5427.86,2599.83,5.44925,-4970.27
281.0,6.39717,41069.4,-32184.5,2372.17,2598.7,72.669,-4935.17
281.1,6.38731,41262.6,-30625.4,-795.173,2565.3,114.884,-4913.71
281.2,6.4019,41393.1,-27331.5,-2094.47,2533.45,63.1735,-4915.97
281.3,6.42148,41404.3,-24788.5,-1698.1,2515.56,-68.626,-4901.02
281.4,6.43782,41336.5,-22026.3,-966.603,2494.53,-166.281,-4957.71
281.5,6.44084,41244.0,-19568.7,-1097.72,2456.54,-159.144,-5027.61
281.6,6.43874,41261.1,-16245.7,-2666.25,2443.21,-76.0827,-5024.65
281.7,6.4513,41357.2,-14239.2,-3854.59,2451.83,39.7199,-4916.21
281.8,6.46795,41395.3,-13925.3,-2833.18,2466.22,100.749,-4859.29
281.9,6.46724,41328.0,-14364.7,-592.701,2440.25,22.9834,-4885.9
282.0,6.45565,41280.3,-14134.2,1856.86,2442.13,-75.6044,-4874.15
282.1,6.43293,41254.1,-13683.8,3194.33,2438.43,-117.968,-4788.27
282.2,6.41187,41354.7,-14923.7,2719.99,2438.89,-123.355,-4796.18
282.3,6.4062,41489.0,-17803.6,1363.88,2401.5,-129.664,-4963.58
282.4,6.40179,41566.1,-20049.4,1371.61,2392.2,-80.3978,-5116.39
282.5,6.39213,41575.5,-20480.2,3009.06,2386.17,-43.9142,-5094.29
282.6,6.37038,41547.7,-21179.8,5510.62,2370.57,-50.4085,-5000.97
282.7,6.34235,41555.3,-23275.9,7336.33,2397.5,-50.3753,-5036.84
282.8,6.32177,41656.4,-25083.0,7268.08,2439.11,-4.878,-5083.9
282.9,6.3194,41788.8,-23761.2,5553.57,2454.1,31.452,-4978.8
283.0,6.32918,41870.7,-21011.7,4086.1,2461.91,22.863,-4791.21
283.1,6.33972,41882.3,-19354.8,3319.35,2452.55,-68.2485,-4795.33
283.2,6.3558,41911.0,-18013.7,4084.5,2453.13,-106.307,-4995.85
283.3,6.36736,41872.0,-16325.2,4757.51,2422.26,-146.949,-5045.66
283.4,6.36885,41878.3,-13013.8,3715.9,2401.5,-160.208,-4968.9
283.5,6.37373,41918.2,-10783.7,1258.74,2397.47,-76.0242,-4943.99
283.6,6.3612,41887.5,-10754.6,-1710.82,2375.52,27.9525,-4995.57
283.7,6.34157,41933.0,-11680.6,-3249.8,2369.55,90.6722,-4974.61
283.8,6.32202,41968.9,-12049.5,-2143.28,2368.2,24.6826,-4858.33
283.9,6.29589,42011.2,-12823.5,832.166,2366.17,-104.277,-4807.06
284.0,6.27271,42095.9,-14376.4,3310.02,2362.06,-206.594,-4892.1
284.1,6.25364,42168.8,-14943.1,3799.47,2342.73,-222.152,-5009.07
284.2,6.2364,42266.2,-13784.8,2510.75,2333.81,-146.592,-5017.08
284.3,6.23291,42396.7,-11978.6,1243.42,2317.9,-58.613,-4974.49
284.4,6.23969,42474.8,-12096.5,1890.22,2313.46,-20.2612,-4992.43
284.5,6.24615,42510.0,-13543.0,4101.09,2347.74,-49.1127,-5058.46
284.6,6.25375,42512.8,-13029.2,6412.27,2404.51,-79.5213,-5079.64
284.7,6.24999,42456.4,-9090.68,7547.21,2435.11,-78.5564,-5008.06
284.8,6.23696,42456.9,-4937.93,7009.1,2468.72,-73.694,-4890.55
284.9,6.23566,42556.4,-3826.29,5932.99,2497.1,-78.11,-4872.24
285.0,6.24457,42658.8,-4830.35,6021.4,2485.23,-79.2404,-4955.47
285.1,6.25463,42689.9,-5998.06,7053.34,2442.15,-126.365,-4970.43
285.2,6.25581,42677.7,-5170.99,8181.03,2372.06,-176.439,-4927.61
285.3,6.23988,42612.2,-6290.28,7447.79,2317.68,-198.072,-4877.01
285.4,6.2065,42627.2,-9513.06,4084.53,2296.84,-110.28,-4947.49
285.5,6.18144,42756.2,-13748.5,129.064,2298.61,69.9505,-5039.15
285.6,6.16111,42882.2,-15537.9,-998.892,2302.21,190.911,-5048.19
285.7,6.14135,42993.0,-15530.5,1567.01,2348.62,119.511,-4988.57
285.8,6.12941,43068.5,-16806.5,7130.6,2405.16,-23.763,-4958.42
285.9,6.10978,43077.3,-18333.2,12335.2,2457.51,-148.408,-5030.4
286.0,6.09251,43165.9,-18937.0,14207.6,2467.67,-184.914,-5014.61
286.1,6.10033,43329.6,-18632.3,13455.3,2484.12,-143.934,-4869.08
286.2,6.12208,43452.0,-17184.0,12648.6,2479.69,-77.3569,-4840.5
286.3,6.15016,43485.3,-16763.0,12922.5,2446.51,-87.9977,-4925.14
286.4,6.17265,43423.0,-14089.8,14894.9,2424.02,-110.434,-5064.62
286.5,6.16732,43264.0,-10247.0,16106.5,2415.87,-127.79,-5048.5
286.6,6.13974,43201.2,-6409.34,14316.8,2396.6,-92.7125,-4992.47
286.7,6.11261,43268.3,-5316.25,9973.3,2399.06,-0.49725,-5005.97
286.8,6.09141,43417.4,-5884.21,5326.69,2445.26,72.9604,-5042.56
286.9,6.08563,43583.5,-4550.14,2596.07,2459.87,26.7019,-4998.67
287.0,6.08455,43653.9,-2726.3,2893.51,2492.45,-111.03,-4854.71
287.1,6.07381,43649.1,-2211.86,5331.21,2510.69,-200.211,-4827.87
287.2,6.05389,43647.1,-2679.28,7382.6,2504.01,-231.435,-4981.06
287.3,6.03811,43737.9,-3745.8,8573.03,2532.84,-151.812,-5063.67
287.4,6.03068,43852.5,-3779.27,8983.75,2547.39,-47.9851,-5025.27
287.5,6.0301,43948.2,-4076.84,9735.52,2559.48,35.8117,-5019.51
287.6,6.0329,43981.8,-5134.99,11558.3,2586.92,48.3481,-5105.8
287.7,6.02732,43944.1,-6424.34,14208.9,2591.08,3.726,-5118.93
287.8,6.01947,43950.4,-6221.67,15989.9,2639.14,-93.2477,-5029.89
287.9,6.02259,44023.5,-5054.41,16204.9,2658.7,-153.292,-4959.63
288.0,6.03418,44108.4,-4062.19,15248.1,2662.74,-132.046,-4969.76
288.1,6.04847,44149.7,-4690.75,14229.2,2663.26,-91.01,-4962.62
288.2,6.05882,44151.7,-3814.13,14572.7,2676.02,-70.9453,-4996.85
288.3,6.05497,44105.1,-2855.21,16200.3,2675.4,-81.703,-4973.21
288.4,6.03347,44063.4,-3272.65,17462.9,2675.49,-87.3645,-4936.4
288.5,6.00229,44092.7,-5785.46,17176.8,2670.41,-36.6912,-4955.02
288.6,5.97287,44196.8,-10613.7,15041.1,2690.11,30.5604,-4978.54
288.7,5.95851,44359.7,-15800.2,12515.0,2712.51,72.5601,-4961.7
288.8,5.95609,44459.8,-19983.8,11029.6,2713.46,27.2472,-4940.23
288.9,5.95143,44483.4,-22032.9,10770.7,2719.6,-72.1069,-4978.92
289.0,5.94846,44502.2,-22521.0,11294.7,2729.92,-118.516,-5025.79
289.1,5.94864,44529.5,-21433.9,11938.9,2744.01,-105.358,-5054.06
289.2,5.9519,44598.1,-19299.3,12366.3,2753.95,-54.6209,-5049.45
289.3,5.96738,44660.7,-17229.7,13151.6,2801.11,-0.121375,-5005.75
289.4,5.97759,44647.6,-16841.8,14666.8,2861.21,30.6949,-4919.33
289.5,5.97747,44586.5,-15910.6,16006.7,2874.23,7.34425,-4893.04
289.6,5.97003,44540.5,-15557.6,16709.7,2902.0,-34.2706,-4854.62
289.7,5.95895,44557.2,-14206.6,16104.2,2898.53,-62.7081,-4845.41
289.8,5.95701,44637.8,-13371.6,13747.8,2880.57,-92.4019,-4856.43
289.9,5.96598,44728.7,-14098.5,11213.4,2883.53,-71.0854,-4915.72
290.0,5.9683,44709.4,-16356.4,9546.93,2865.6,-30.9264,-5003.0
290.1,5.95877,44680.4,-17457.3,9489.12,2867.07,-11.2347,-5100.84
290.2,5.94142,44665.0,-16683.8,10719.3,2855.45,-25.8575,-5096.03
290.3,5.91894,44696.6,-15047.6,12047.1,2863.58,-49.9325,-4999.96
290.4,5.90341,44810.9,-13733.5,11989.5,2904.41,-73.1517,-4942.81
290.5,5.90235,44913.5,-12081.1,10914.4,2914.02,-46.5223,-4949.42
290.6,5.9064,44952.9,-9984.52,10066.0,2943.57,-30.1905,-4920.28
290.7,5.91599,44965.2,-7430.46,10843.5,2980.56,-56.356,-4875.35
290.8,5.93042,44937.1,-5309.09,13536.5,3002.26,-134.809,-4925.51
290.9,5.93944,44891.7,-3997.6,17006.9,2975.06,-187.606,-5043.09
291.0,5.94644,44873.4,-2306.44,19239.7,2957.49,-189.921,-5116.6
291.1,5.95281,44862.4,-864.663,19551.0,2936.06,-142.857,-5079.78
291.2,5.94994,44852.4,-1476.56,17912.4,2939.22,-88.1714,-5030.46
291.3,5.94329,44849.2,-4539.63,15500.4,2927.77,-38.5231,-5036.7
291.4,5.93315,44861.7,-6730.11,13232.7,2930.21,-39.7121,-5064.18
291.5,5.92362,44904.5,-6852.21,10964.7,2962.26,-80.984,-5000.48
291.6,5.92243,44957.0,-6993.68,8790.98,2984.73,-86.0587,-4894.75
291.7,5.9222,44980.1,-8506.88,6447.16,3015.51,-73.9457,-4928.19
291.8,5.92062,44989.9,-10205.6,4261.81,3003.22,-27.9382,-5051.45
291.9,5.92146,44987.3,-10776.6,2843.78,3006.22,4.256,-5048.04
292.0,5.91853,44979.4,-11417.5,2858.32,3013.83,33.3292,-4933.27
292.1,5.92152,45001.7,-13929.7,3922.13,3034.31,23.3111,-4943.62
292.2,5.92782,44997.0,-17737.8,5063.82,3058.19,-30.2753,-5055.87
292.3,5.9313,44950.3,-18308.1,4941.56,3061.77,-77.979,-5080.35
292.4,5.93503,44923.6,-16025.4,3290.98,3087.67,-74.4248,-4931.24
292.5,5.94362,44902.6,-13927.5,1051.15,3086.74,-39.2814,-4835.88
292.6,5.95518,44901.5,-13883.4,-224.303,3079.04,-14.6774,-4938.03
292.7,5.97797,44911.8,-14465.1,673.796,3098.66,-2.578,-5039.2
292.8,5.99631,44829.8,-12807.5,3047.36,3080.99,-36.2523,-4964.6
292.9,5.99317,44693.8,-10368.0,4961.31,3056.26,-97.4345,-4849.37
293.0,5.97176,44598.7,-9906.31,5211.02,3053.14,-100.96,-4871.42
293.1,5.94277,44603.0,-11087.5,3999.83,3022.79,-54.2207,-4987.35
293.2,5.92707,44746.0,-11234.2,2927.36,3014.25,-11.0723,-5018.51
293.3,5.93576,44894.8,-10244.2,3253.78,3040.53,-55.402,-4946.41
293.4,5.94799,44902.6,-9473.74,4140.78,3054.51,-149.164,-4938.19
293.5,5.95209,44808.6,-9318.86,4153.54,3058.99,-180.35,-5038.31
293.6,5.94218,44709.2,-7887.25,2071.54,3074.03,-138.313,-5064.37
293.7,5.93952,44747.0,-4415.7,-937.832,3054.62,-29.8765,-4952.73
293.8,5.95812,44851.9,-1383.92,-3237.48,3045.97,12.5635,-4861.46
293.9,5.98859,44889.9,-748.505,-3413.64,3063.62,-3.66875,-4904.29
294.0,6.02101,44808.5,-499.186,-1599.56,3109.05,-42.6086,-5027.1
294.1,6.03411,44592.2,1653.81,1169.59,3137.84,-75.7201,-5042.38
294.2,6.02612,44402.8,4538.94,3621.84,3168.73,-108.058,-4959.89
294.3,6.01582,44352.3,4910.2,5525.32,3175.45,-130.45,-4957.82
294.4,6.01448,44407.3,3561.85,6505.83,3184.06,-161.004,-5073.67
294.5,6.03025,44493.6,2785.4,6631.21,3207.84,-167.289,-5086.96
294.6,6.05027,44461.8,4809.92,6342.02,3196.61,-145.451,-4972.48
294.7,6.04809,44299.0,5521.53,5869.65,3186.06,-115.483,-4857.8
294.8,6.02559,44168.6,2924.73,5236.41,3217.13,-89.7924,-4928.1
294.9,5.99621,44147.8,-407.518,4404.15,3206.85,-52.7479,-5075.21
295.0,5.97762,44274.3,-1797.07,3973.48,3210.69,20.9241,-5072.07
295.1,5.97992,44423.8,-674.023,4219.82,3184.11,43.5431,-4969.08
295.2,5.99137,44476.4,-393.907,5218.06,3147.03,-4.00712,-4947.06
295.3,6.00164,44419.3,-2318.21,6264.0,3123.37,-97.913,-5022.79
295.4,6.00116,44340.0,-2949.72,6363.62,3068.11,-153.29,-5051.19
295.5,6.0147,44372.9,-1645.23,6009.67,3038.59,-123.995,-4945.95
295.6,6.04988,44439.2,-235.054,6380.1,3063.62,-97.251,-4874.0
295.7,6.09004,44404.6,-1827.7,7328.55,3089.49,-129.488,-4924.66
295.8,6.12053,44242.5,-4133.84,8844.58,3141.07,-113.668,-5053.78
295.9,6.11609,43972.8,-3641.05,9483.89,3177.65,-61.656,-5074.46
296.0,6.09384,43851.5,-944.73,8710.48,3168.69,0.15525,-4943.35
296.1,6.08133,43875.6,538.225,7152.75,3140.76,2.73662,-4858.17
296.2,6.07822,43945.9,-9.2192,6177.68,3101.72,-17.1777,-4932.35
296.3,6.08392,43970.9,-2570.04,5936.12,3059.7,-72.3781,-4956.7
296.4,6.07984,43885.2,-3362.3,6161.74,3042.2,-181.516,-4936.29
296.5,6.05364,43771.1,-3050.78,5609.64,2995.29,-255.055,-4917.86
296.6,6.02848,43810.1,-2789.28,3732.18,2994.23,-219.339,-4974.71
296.7,6.02156,43951.6,-2162.73,1279.81,3007.09,-92.5587,-5055.74
296.8,6.02953,44077.3,-182.206,-828.665,3016.13,-10.9365,-5040.55
296.9,6.04402,44112.9,2061.08,-1152.91,3056.15,21.9876,-4942.76
297.0,6.04984,44030.7,3014.46,-50.1097,3112.21,-18.5488,-4892.0
297.1,6.04753,43977.7,2428.23,1279.25,3144.34,-80.4275,-4925.02
297.2,6.06174,44022.4,2481.87,2003.04,3165.23,-141.888,-4962.33
297.3,6.09607,44092.6,3695.38,2591.45,3180.79,-174.189,-4936.65
297.4,6.14124,44090.2,4611.57,3079.67,3220.54,-216.47,-4942.41
297.5,6.18359,43947.0,3253.44,4504.11,3232.98,-222.559,-5028.36
297.6,6.19363,43671.8,1573.02,6466.03,3213.25,-222.401,-5157.12
297.7,6.17932,43487.0,3128.76,7721.12,3181.38,-211.951,-5213.77
297.8,6.16617,43450.5,5832.06,8101.98,3144.42,-149.34,-5082.77
297.9,6.15294,43453.5,8390.96,7736.21,3100.41,-78.1742,-4983.64
298.0,6.14088,43466.4,7314.57,6709.91,3122.33,-55.534,-4981.1
298.1,6.13012,43432.0,4716.61,6903.18,3141.44,-28.114,-5019.01
298.2,6.10034,43335.2,3191.74,8295.67,3155.39,-58.0662,-5010.4
298.3,6.07144,43390.6,2873.62,10477.9,3146.19,-109.714,-4971.57
298.4,6.06536,43526.8,1858.48,13076.1,3085.53,-157.594,-5017.61
298.5,6.07315,43676.3,707.666,14795.2,3045.8,-178.671,-5157.46
298.6,6.10689,43802.3,-1277.01,14911.6,3024.06,-163.942,-5164.92
298.7,6.1441,43749.2,-1530.66,14474.5,2992.73,-114.84,-5102.44
298.8,6.16484,43604.2,-2147.64,14242.5,2984.23,-55.3672,-5019.51
298.9,6.18534,43512.4,-3588.7,14291.9,3011.88,-70.2866,-5002.54
299.0,6.20963,43446.5,-4971.07,14342.8,3040.07,-113.363,-5003.0
299.1,6.23568,43384.0,-4063.6,13309.3,3074.52,-124.231,-4972.67
299.2,6.25723,43273.0,-2283.0,10550.2,3084.93,-112.033,-4892.02
299.3,6.26268,43105.0,-1191.48,7677.66,3055.23,-39.7451,-4881.67
299.4,6.24744,42950.1,-1911.03,5749.35,3008.56,-10.5922,-4944.22
299.5,6.22944,42921.1,-3161.15,5785.81,2976.34,-35.281,-4997.57
299.6,6.21456,42926.5,-5018.49,6951.04,2926.18,-100.848,-4977.39
299.7,6.19844,42946.7,-4721.4,8236.97,2917.21,-136.88,-5023.54
299.8,6.17836,42933.2,-4339.87,8752.19,2943.62,-129.194,-5038.36
299.9,6.14894,42894.8,-4264.03,8426.79,2969.1,-133.953,-5000.96
300.0,6.11663,42944.1,-4044.57,7173.25,3013.29,-164.869,-4976.94
300.1,6.10611,43103.5,-4001.56,5025.8,3038.13,-177.568,-4960.98
300.2,6.12198,43272.9,-3242.0,2880.76,3042.19,-112.787,-4932.84
300.3,6.15457,43347.5,-1996.67,804.72,3036.17,-77.7825,-4889.12
300.4,6.19533,43335.9,-526.275,-395.162,3017.78,-72.8848,-4895.13
300.5,6.23025,43211.2,393.932,-549.83,2992.14,-77.011,-4941.3
300.6,6.2435,43049.4,1373.97,-747.925,2944.88,-106.561,-5005.26
300.7,6.25403,43011.6,1398.69,-912.605,2944.29,-102.34,-5011.45
300.8,6.2665,42985.9,2560.24,-753.635,2938.64,-109.12,-5051.97
300.9,6.27731,42969.2,3337.16,578.516,2960.46,-100.604,-5056.99
301.0,6.28132,42873.4,5388.99,2938.85,2961.06,-146.854,-5034.15
301.1,6.26355,42723.4,6603.27,5645.82,2976.37,-193.823,-4959.87
301.2,6.23383,42654.1,6585.81,7050.19,2983.95,-197.383,-4909.0
301.3,6.21012,42701.2,5410.35,7400.63,2968.62,-119.823,-4915.12
301.4,6.19405,42776.8,3713.77,7693.73,2949.01,-42.9485,-4954.51
301.5,6.1842,42842.3,2003.34,8803.88,2924.92,-49.0794,-4978.85
301.6,6.17139,42846.0,2097.79,10761.0,2907.27,-123.684,-5081.85
301.7,6.15331,42845.0,2086.42,11903.7,2928.61,-182.646,-5145.2
301.8,6.14436,42930.3,1738.32,11055.7,2961.89,-170.652,-5154.12
301.9,6.15449,43050.5,1616.49,8911.05,2983.27,-108.297,-5156.06
302.0,6.1841,43154.5,1647.3,7577.59,2967.97,-49.6849,-5093.09
302.1,6.22278,43168.6,4072.11,7728.3,2952.71,-93.2445,-4992.29
302.2,6.26038,43089.4,5739.24,8881.04,2920.11,-171.494,-4839.52
302.3,6.28085,42939.2,5893.78,9269.44,2876.34,-204.642,-4799.61
302.4,6.28422,42825.9,4600.84,7378.18,2854.54,-181.365,-4904.66
302.5,6.28259,42793.1,3165.9,3737.36,2831.42,-100.561,-4991.13
302.6,6.27902,42784.2,2113.78,207.251,2815.63,-32.289,-4996.7
302.7,6.26976,42773.0,850.474,-2143.39,2827.37,-31.8417,-5019.67
302.8,6.25833,42736.7,-1232.38,-3126.95,2824.77,-80.349,-5084.52
302.9,6.23872,42675.8,-1988.31,-3038.35,2838.79,-108.44,-5121.25
303.0,6.21226,42646.8,-13.6877,-2883.74,2816.08,-124.572,-5025.73
303.1,6.19179,42686.1,2173.88,-3429.07,2840.47,-170.271,-4855.85
303.2,6.18527,42784.3,2374.65,-3748.89,2901.26,-158.001,-4809.1
303.3,6.18227,42815.7,1074.31,-4325.07,2937.53,-160.37,-4895.1
303.4,6.17952,42842.1,1191.41,-3941.46,2902.78,-109.357,-4962.21
303.5,6.18096,42851.1,3296.66,-2132.97,2867.4,-80.3788,-4944.35
303.6,6.18369,42886.2,5145.34,-241.116,2794.27,-144.638,-4951.68
303.7,6.20634,42992.3,4155.77,559.492,2778.25,-203.46,-5052.74
303.8,6.23659,42996.2,2838.63,-76.2031,2770.76,-180.693,-5164.09
303.9,6.25932,42950.5,3136.41,-1832.94,2806.63,-129.549,-5119.75
304.0,6.2785,42883.0,7177.97,-2843.62,2837.47,-130.871,-5031.85
304.1,6.28607,42789.8,9806.56,-1541.29,2881.26,-167.403,-4971.62
304.2,6.28075,42729.2,9971.97,891.966,2912.56,-216.031,-4989.26
304.3,6.27211,42716.4,11123.8,2422.75,2900.27,-241.795,-5042.67
304.4,6.25908,42704.0,14874.2,2484.2,2896.73,-168.564,-5006.71
304.5,6.2385,42675.3,17698.1,1433.61,2862.91,-66.8989,-4866.62
304.6,6.21732,42680.9,17046.0,1210.62,2846.35,-24.6982,-4886.02
304.7,6.19878,42703.6,12820.9,2911.08,2812.64,-70.3968,-5042.0
304.8,6.18995,42770.3,9728.23,5948.77,2812.09,-153.535,-5143.74
304.9,6.19267,42821.4,8936.46,8538.4,2831.78,-232.418,-5070.37
305.0,6.19825,42837.0,8698.66,9670.82,2864.9,-245.357,-5023.0
305.1,6.19895,42807.3,5857.43,9280.07,2870.66,-207.59,-5081.25
305.2,6.19799,42812.9,4346.73,8862.37,2818.01,-143.602,-5177.48
305.3,6.20365,42865.2,5516.84,9205.64,2758.8,-128.365,-5049.31
305.4,6.22294,42960.3,8800.93,9963.72,2730.3,-164.272,-4860.85
305.5,6.25273,42985.4,10250.6,10267.5,2714.44,-168.245,-4831.97
305.6,6.26728,42871.0,10664.6,8890.08,2712.58,-165.814,-4970.87
305.7,6.26261,42770.4,11780.3,6225.15,2723.41,-141.277,-5010.39
305.8,6.25194,42740.9,14673.0,3758.53,2735.37,-104.09,-4921.0
305.9,6.24413,42791.7,15361.1,2456.84,2759.82,-107.146,-4895.64
306.0,6.2463,42883.0,12095.9,2608.12,2767.98,-123.804,-5009.93
306.1,6.25162,42869.3,9536.4,3394.81,2773.46,-173.26,-5129.24
306.2,6.23859,42776.9,10465.8,3619.71,2798.7,-201.22,-5035.53
306.3,6.22118,42707.6,13713.4,2947.26,2794.34,-179.459,-4871.71
306.4,6.19591,42671.7,13517.1,2008.94,2811.83,-148.093,-4831.73
306.5,6.17752,42755.4,11013.4,1748.01,2821.67,-121.648,-4985.19
306.6,6.17832,42857.8,9236.81,3064.37,2802.8,-115.003,-5051.1
306.7,6.17934,42882.2,10069.5,5320.71,2800.38,-156.223,-4967.64
306.8,6.17598,42890.6,10861.8,6202.37,2806.99,-222.537,-4934.5
306.9,6.17633,42911.0,8839.67,5381.99,2827.03,-182.573,-5042.06
307.0,6.17613,42954.5,6540.34,3219.81,2861.66,-96.2878,-5176.73
307.1,6.1854,43061.5,7124.19,957.9,2846.92,-64.394,-5146.68
307.2,6.21149,43145.5,9872.19,838.591,2853.98,-92.6109,-5024.65
307.3,6.22485,43091.1,11619.4,2279.47,2836.14,-178.885,-4997.48
307.4,6.22967,43044.5,11808.9,3691.75,2826.43,-225.277,-5073.45
307.5,6.22944,42978.1,11886.8,4357.85,2850.3,-200.052,-5080.31
307.6,6.2183,42944.3,13974.4,4066.78,2886.52,-127.217,-4984.27
307.7,6.21962,43005.4,14626.6,3878.16,2922.37,-61.6097,-4878.38
307.8,6.22461,42983.6,12891.8,5485.43,2949.3,-35.713,-4941.46
307.9,6.21493,42914.2,11819.3,8524.09,2959.81,-69.614,-5109.07
308.0,6.20581,42871.6,13000.2,12282.4,2933.1,-131.264,-5128.55
308.1,6.18757,42823.7,15806.0,15839.2,2898.88,-182.661,-5043.43
308.2,6.17504,42897.8,16209.0,18248.2,2920.5,-201.579,-5049.24
308.3,6.17976,42981.6,12037.7,19600.2,2958.54,-208.928,-5131.67
308.4,6.18504,43004.4,7840.46,20837.7,2983.99,-197.859,-5192.25
308.5,6.18899,43008.3,5651.83,22085.3,2981.78,-190.046,-5084.15
308.6,6.19493,42999.9,5934.21,22834.1,2960.93,-216.522,-4986.82
308.7,6.20033,43011.9,5457.51,22547.9,2934.88,-206.43,-5003.58
308.8,6.21101,43041.1,4285.31,20778.9,2890.91,-159.207,-5093.43
308.9,6.216,43018.8,3752.93,17662.0,2831.89,-118.832,-5127.4
309.0,6.21547,43018.7,4452.97,14402.4,2795.27,-68.8629,-5099.25
309.1,6.21515,43014.9,5285.6,11833.4,2778.94,-58.5698,-5085.0
309.2,6.21416,43033.2,5073.14,10425.2,2797.4,-96.5066,-5121.27
309.3,6.21445,43041.2,5122.04,9970.09,2803.33,-132.88,-5124.98
309.4,6.21244,43012.6,6894.93,10279.8,2828.16,-144.493,-5059.26
309.5,6.20389,42982.4,8738.28,10218.1,2852.94,-174.956,-4936.69
309.6,6.19841,42992.1,9349.99,9691.18,2876.21,-180.903,-4878.67
309.7,6.19776,42989.0,9046.12,9643.17,2865.28,-134.077,-4927.01
309.8,6.18844,42956.3,7615.48,9612.78,2853.21,-130.296,-4950.69
309.9,6.19074,43004.2,6718.31,9896.11,2869.89,-131.54,-4983.02
310.0,6.19728,42981.3,5904.98,10035.3,2883.86,-142.49,-5049.15
310.1,6.19499,42947.7,5360.31,8895.68,2908.59,-154.646,-5141.73
310.2,6.19734,42947.9,4945.46,6519.32,2934.17,-157.164,-5172.69
310.3,6.19834,42943.9,4278.73,4255.55,2967.85,-119.124,-5139.27
310.4,6.20135,42974.2,3644.8,2864.39,2964.72,-94.5005,-5103.03
310.5,6.21422,43021.2,3137.03,3184.24,2961.43,-118.545,-5069.14
310.6,6.22468,43004.2,4494.69,4517.72,2952.82,-185.029,-5008.99
310.7,6.22403,42947.6,7766.66,5055.81,2879.58,-227.803,-4945.6
310.8,6.21393,42898.4,10655.1,3779.78,2826.61,-195.802,-4897.36
310.9,6.20091,42913.5,11803.5,1831.26,2794.16,-86.6988,-4933.69
311.0,6.19617,42990.0,11328.7,1332.19,2808.29,12.8936,-5029.51
311.1,6.20401,43052.2,10721.5,4189.61,2848.21,8.39944,-5108.66
311.2,6.20569,43013.7,10206.8,9617.32,2874.13,-96.3126,-5130.45
311.3,6.19592,42942.3,9950.79,14967.0,2855.98,-199.674,-5130.84
311.4,6.18397,42939.9,10350.0,18312.4,2866.6,-216.805,-5139.6
311.5,6.18864,43021.3,9952.06,19755.5,2913.83,-167.197,-5080.63
311.6,6.20818,43094.3,9170.17,20785.9,2929.76,-150.675,-5024.35
311.7,6.22961,43051.2,6653.72,22885.9,2928.92,-191.943,-5008.53
311.8,6.23075,42907.8,4833.17,25565.0,2873.26,-253.961,-5074.75
311.9,6.21664,42818.6,2858.28,26174.2,2862.84,-276.984,-5076.85
312.0,6.20928,42848.1,2844.07,24158.2,2810.96,-175.173,-5094.99
312.1,6.20428,42897.0,1837.6,20265.5,2763.25,-30.5329,-5103.31
312.2,6.19935,42946.3,1862.65,15949.8,2733.37,16.8215,-5163.01
312.3,6.19642,42975.7,2404.69,13288.7,2745.4,0.455,-5145.21
312.4,6.1835,42952.4,3202.18,12536.9,2768.08,-46.6258,-5061.58
312.5,6.16604,42987.5,3383.45,12182.5,2800.29,-119.985,-5030.63
312.6,6.16268,43099.6,2125.09,11642.3,2844.91,-162.007,-5048.96
312.7,6.16658,43171.9,1481.17,10843.0,2882.34,-151.224,-5054.71
312.8,6.17238,43201.4,2079.26,9286.42,2871.12,-141.537,-4992.83
312.9,6.18242,43207.5,3094.15,8197.49,2859.78,-95.8357,-4959.51
313.0,6.18774,43138.6,2168.99,7816.3,2855.33,-61.671,-4984.41
313.1,6.19108,43126.8,21.4475,7426.95,2894.33,-51.0781,-5083.22
313.2,6.20423,43099.2,-2340.29,6418.93,2920.59,-61.081,-5126.75
313.3,6.20246,43018.1,-2247.34,4488.71,2917.26,-45.327,-5151.33
313.4,6.19554,42990.9,-972.806,1949.55,2918.07,-14.9511,-5129.88
313.5,6.19089,42996.5,-670.064,635.962,2902.95,3.3935,-5080.93
313.6,6.18578,43019.8,574.975,1867.53,2855.85,-11.8084,-5130.2
313.7,6.1827,43059.3,2288.67,4858.69,2828.1,-108.941,-5120.3
313.8,6.17737,43070.9,5267.33,7503.56,2816.23,-208.44,-5029.97
313.9,6.1665,43075.4,9093.9,7544.86,2795.1,-224.146,-4965.88
314.0,6.15045,43099.5,12160.3,4329.52,2755.25,-153.184,-4939.31
314.1,6.14276,43182.0,12408.5,42.7593,2769.91,-33.967,-4917.75
314.2,6.14517,43269.3,11211.9,-2450.27,2794.4,41.7183,-4949.16
314.3,6.15345,43310.7,10395.0,-2301.84,2813.26,10.9054,-5044.72
314.4,6.16221,43298.4,10313.2,-319.55,2838.97,-54.047,-5098.74
314.5,6.16479,43245.6,12567.3,1565.72,2832.58,-79.3349,-5112.02
314.6,6.15968,43202.2,14413.8,2005.91,2803.8,-76.4812,-5061.31
314.7,6.15503,43223.0,14443.4,1474.19,2780.38,-69.7217,-4996.74
314.8,6.1618,43301.3,12090.1,2023.15,2793.05,-45.3105,-4948.05
314.9,6.17585,43325.7,9162.13,4335.1,2784.21,-82.0775,-4933.32
315.0,6.18721,43309.8,6419.67,8796.32,2778.29,-117.104,-4928.82
315.1,6.1859,43197.2,4483.31,13686.7,2780.41,-158.052,-4939.19
315.2,6.1632,43112.6,2549.23,17195.4,2780.32,-159.097,-5000.43
315.3,6.13053,43104.9,-327.113,17803.9,2731.53,-119.13,-5070.42
315.4,6.09659,43204.0,-2952.6,15947.0,2685.16,-52.2188,-5137.18
315.5,6.08057,43410.3,-3999.06,13289.2,2690.34,25.474,-5152.04
315.6,6.0875,43580.8,-3679.29,12029.1,2690.36,51.6904,-5089.3
315.7,6.09299,43601.9,-4386.66,12801.8,2710.87,-13.0281,-5019.89
315.8,6.087,43548.2,-4693.22,13774.4,2746.41,-142.417,-5040.07
315.9,6.07886,43560.7,-3806.24,13502.3,2778.25,-170.818,-5051.01
316.0,6.07649,43620.9,-1428.58,11145.9,2787.55,-97.6213,-4950.45
316.1,6.08771,43738.1,174.472,7701.93,2816.36,-3.24487,-4867.21
316.2,6.11125,43797.2,-740.051,5579.07,2840.39,67.1625,-4935.72
316.3,6.12358,43702.8,-2423.61,5572.03,2862.13,57.2908,-5071.35
316.4,6.11499,43580.6,-1918.64,6148.78,2876.65,-24.2986,-5107.11
316.5,6.10191,43547.9,627.747,6630.35,2841.08,-38.3666,-5038.62
316.6,6.08153,43548.8,2465.08,6147.44,2778.37,-41.5683,-5012.53
316.7,6.06878,43682.5,2608.19,5759.63,2760.11,-18.5305,-5077.75
316.8,6.07141,43789.8,2283.98,7139.57,2756.62,-37.3494,-5088.48
316.9,6.06055,43794.5,3420.62,10688.1,2777.84,-87.9985,-5016.31
317.0,6.04032,43784.7,4803.16,14314.4,2774.54,-183.283,-4945.03
317.1,6.01345,43820.3,4839.92,16162.5,2775.77,-220.611,-4966.05
317.2,5.99528,43956.0,4311.1,15205.5,2790.08,-142.125,-5041.16
317.3,5.99949,44137.4,4675.8,12387.7,2799.26,-28.809,-5063.56
317.4,6.01224,44213.4,5158.55,10021.2,2786.95,26.8848,-5030.33
317.5,6.02026,44192.0,4874.2,9791.24,2775.44,18.189,-5070.39
317.6,6.01982,44132.1,4408.93,11164.6,2774.1,-48.6372,-5175.7
317.7,6.01903,44145.6,4145.45,12714.5,2795.48,-95.4855,-5174.65
317.8,6.02373,44191.4,5587.52,12802.4,2795.29,-113.535,-5086.95
317.9,6.02787,44223.5,7590.89,11302.2,2767.55,-99.4372,-5010.94
318.0,6.02945,44251.0,7789.0,10003.0,2767.56,-36.7734,-4967.05
318.1,6.02859,44247.4,6017.11,10922.6,2759.85,7.70612,-4948.0
318.2,6.02331,44249.5,3190.15,14409.0,2741.89,-38.1056,-4949.89
318.3,6.01734,44269.9,714.525,19640.6,2732.02,-92.1415,-5013.1
318.4,6.0028,44246.5,-384.69,24051.5,2700.77,-133.884,-5100.9
318.5,5.97448,44247.5,-714.768,25737.6,2676.78,-123.576,-5148.04
318.6,5.94471,44311.6,-1851.98,24992.9,2687.95,-72.1928,-5150.64
318.7,5.92344,44453.5,-3752.06,23978.7,2727.9,-12.0285,-5176.34
318.8,5.91566,44603.5,-4819.54,23722.9,2758.57,-49.0488,-5170.71
318.9,5.92072,44722.6,-4248.14,24400.9,2801.05,-118.544,-5068.42
319.0,5.92882,44741.9,-2757.95,25251.3,2823.87,-131.438,-4931.29
319.1,5.92256,44693.8,-2855.09,24487.4,2831.78,-126.71,-4877.22
319.2,5.91346,44720.3,-3950.04,21328.9,2830.17,-118.486,-4957.79
319.3,5.91761,44829.8,-3254.8,17534.6,2837.04,-43.8379,-5040.52
319.4,5.92553,44902.6,-840.091,13670.9,2826.19,-5.321,-5011.77
319.5,5.93704,44950.0,541.173,10724.2,2801.5,-13.6339,-4992.29
319.6,5.94369,44910.6,-179.286,10043.7,2788.06,-3.1055,-5112.61
319.7,5.92922,44820.1,-620.033,10686.8,2798.64,-39.1092,-5204.9
319.8,5.91473,44862.8,920.318,11941.0,2831.83,-92.9273,-5097.54
319.9,5.90585,44923.4,3681.62,13201.3,2853.16,-144.913,-4931.45
320.0,5.89495,45001.0,3388.83,14536.8,2911.1,-125.701,-4892.96
320.1,5.889,45059.3,957.182,15762.2,2973.55,-134.008,-4994.43
320.2,5.87552,45010.5,-1808.43,17473.9,3016.1,-148.801,-5031.13
320.3,5.85349,44998.7,-2731.39,18373.5,3044.9,-184.637,-5001.73
320.4,5.839,45043.2,-2781.55,17445.3,3025.92,-171.967,-5040.88
320.5,5.83857,45076.0,-3806.89,15277.8,2986.47,-71.2322,-5139.46
320.6,5.84404,45078.3,-5130.73,12977.3,2949.62,18.2377,-5195.94
320.7,5.85173,45091.0,-5941.72,11707.6,2940.06,19.4156,-5158.23
320.8,5.85565,45053.2,-5578.77,11765.0,2919.99,-34.3338,-5119.15
320.9,5.84932,45041.5,-4673.12,12257.1,2925.13,-81.1316,-5101.72
321.0,5.84387,45056.2,-3740.64,12329.9,2946.32,-82.0888,-5061.74
321.1,5.84487,45064.7,-2603.18,12313.0,2984.43,-63.3521,-5013.44
321.2,5.8423,45059.9,-1149.52,12578.0,2969.15,-56.3913,-4994.42
321.3,5.8416,45064.3,-1294.67,13757.3,2960.17,-45.622,-4974.33
321.4,5.8355,45040.1,-3634.57,15454.6,2955.69,-46.2632,-4972.24
321.5,5.83163,45070.8,-7402.29,16966.4,2996.91,-32.9031,-5038.53
321.6,5.83295,45062.1,-11190.8,18123.9,3008.13,-19.6213,-5110.04
321.7,5.82136,45022.1,-12890.1,18664.6,3044.14,-19.8381,-5158.24
321.8,5.80703,45027.7,-12543.3,19145.9,3060.15,-3.97338,-5177.84
321.9,5.79427,45030.0,-11726.7,20703.7,3066.6,15.0358,-5170.95
322.0,5.78052,45033.1,-11788.0,22896.9,3068.36,-26.6381,-5140.92
322.1,5.78126,45084.3,-10634.7,25336.2,3093.55,-84.3766,-5134.88
322.2,5.78703,45066.8,-8691.31,27442.8,3120.21,-111.037,-5046.73
322.3,5.78137,45046.0,-6626.85,27188.9,3180.09,-136.031,-4930.19
322.4,5.78141,45067.3,-6193.57,24765.7,3216.47,-104.015,-4908.84
322.5,5.77731,45037.4,-8214.08,21414.7,3240.7,-44.485,-4962.15
322.6,5.77424,45077.6,-10503.5,17786.7,3260.64,-14.1742,-5047.96
322.7,5.7914,45125.1,-11686.3,14933.2,3257.78,-3.90975,-5089.78
322.8,5.7969,45049.0,-11959.5,12306.4,3250.66,-26.9548,-5109.69
322.9,5.78236,45011.5,-12205.8,8476.08,3226.7,-42.6522,-5138.88
323.0,5.76491,45015.4,-12467.1,3508.91,3218.48,-33.8495,-5153.29
323.1,5.75091,45042.2,-11360.5,-592.156,3209.22,47.9647,-5114.01
323.2,5.75316,45097.0,-9091.77,-3059.86,3190.64,55.6674,-4989.79
323.3,5.77164,45128.9,-6738.72,-2229.72,3182.55,10.2361,-4900.77
323.4,5.77474,45039.8,-5051.55,463.16,3201.62,-80.8084,-4906.73
323.5,5.76171,45020.0,-3114.76,3025.62,3214.19,-120.178,-4974.71
323.6,5.74839,45030.2,-52.1755,4719.03,3234.31,-90.6039,-5022.63
323.7,5.73949,45054.1,2047.55,5406.04,3262.99,-55.7888,-5015.16
323.8,5.75077,45126.4,2726.87,5728.57,3289.03,-51.2802,-5083.1
323.9,5.77369,45121.8,2250.61,7031.99,3290.75,-59.436,-5175.98
324.0,5.77804,45056.2,2155.07,9044.97,3278.65,-85.3207,-5169.82
324.1,5.77565,45054.1,2548.78,10935.9,3262.19,-120.044,-5076.68
324.2,5.77372,45054.9,1074.56,12298.5,3259.39,-131.025,-5006.48
324.3,5.77236,45071.2,-664.111,12357.6,3233.48,-108.082,-5065.43
324.4,5.77898,45079.9,-2063.74,11368.8,3207.64,-68.002,-5088.77
324.5,5.77602,45043.8,-1052.6,10705.7,3181.05,-7.51725,-5065.57
324.6,5.76453,45023.7,-558.857,10926.2,3172.33,24.153,-5032.3
324.7,5.75133,45025.7,-2683.15,12025.9,3190.55,-4.18937,-5099.44
324.8,5.73944,45039.8,-5130.55,13423.4,3244.03,-39.0075,-5242.2
324.9,5.73257,45049.4,-5222.56,13994.8,3257.67,-55.2342,-5256.71
325.0,5.73032,45070.0,-2435.58,14399.1,3258.09,-11.1657,-5139.84
325.1,5.73009,45064.3,-271.43,16051.0,3260.78,32.2243,-5040.75
325.2,5.73519,45090.4,-1031.99,20144.0,3296.39,12.7292,-5084.89
325.3,5.74493,45092.8,-1092.78,26058.6,3304.16,-74.9265,-5178.24
325.4,5.75047,45072.7,167.256,31667.5,3313.92,-161.675,-5087.93
325.5,5.74706,45049.6,2257.89,34644.6,3289.95,-175.817,-4970.49
325.6,5.74392,45062.2,2416.86,34572.0,3288.0,-111.42,-5011.62
325.7,5.74395,45071.4,-874.05,33251.5,3273.0,-21.9037,-5105.54
325.8,5.74895,45084.4,-4106.98,32422.2,3262.19,-9.756,-5142.95
325.9,5.75823,45093.7,-5561.86,32686.3,3281.48,-72.2386,-5127.57
326.0,5.76117,45057.7,-8951.78,32365.3,3304.32,-151.174,-5077.35
326.1,5.75141,45026.3,-12951.4,29418.3,3351.7,-162.585,-5151.71
326.2,5.73963,45031.6,-17083.8,24088.0,3411.67,-65.0338,-5210.27
326.3,5.72881,45039.6,-18156.4,18506.5,3451.69,53.7757,-5159.08
326.4,5.72471,45060.5,-17585.9,14669.1,3485.03,54.9814,-5022.08
326.5,5.72473,45069.6,-17885.5,12537.4,3507.26,-54.2773,-4958.9
326.6,5.72985,45086.8,-18317.2,10846.6,3520.29,-111.95,-5021.73
326.7,5.73435,45070.1,-17898.6,8223.64,3522.07,-76.4176,-5052.01
326.8,5.73511,45058.4,-14513.7,4753.05,3491.25,-38.3703,-5013.67
326.9,5.7376,45081.2,-11707.1,2269.07,3495.78,-7.91362,-4969.29
327.0,5.74608,45087.2,-11148.5,1574.55,3522.19,-30.4722,-5033.02
327.1,5.75786,45108.5,-11165.8,2379.98,3531.31,-55.7034,-5141.17
327.2,5.77612,45115.6,-9470.03,4072.48,3535.24,-72.3552,-5123.86
327.3,5.78367,45068.4,-5792.15,6040.68,3500.81,-86.342,-5013.87
327.4,5.78554,45071.2,-4626.18,8115.63,3506.44,-96.3997,-4955.36
327.5,5.7845,45053.4,-5586.32,10185.2,3490.51,-137.477,-5043.89
327.6,5.78051,45055.5,-6996.72,11898.4,3481.44,-169.591,-5104.96
327.7,5.7818,45078.5,-6258.64,12647.5,3470.04,-163.329,-5067.24
327.8,5.7884,45087.3,-4700.59,12544.1,3453.81,-97.3928,-5029.23
327.9,5.79217,45067.6,-3696.62,11746.4,3444.44,-27.1828,-5118.17
328.0,5.7917,45052.5,-3704.94,11129.5,3436.31,21.3078,-5192.39
328.1,5.78243,45028.5,-3108.39,11767.6,3431.46,61.3825,-5156.77
328.2,5.76795,45019.3,-3656.54,13465.6,3436.08,52.5508,-5054.28
328.3,5.76157,45062.7,-5147.81,16076.6,3409.23,15.324,-5084.12
328.4,5.76555,45078.7,-6318.81,19337.9,3390.2,-18.5326,-5172.97
328.5,5.76674,45062.9,-5063.13,22684.6,3361.04,-51.9624,-5135.87
328.6,5.76923,45073.0,-2588.59,26021.8,3346.56,-68.2239,-5016.45
328.7,5.77444,45079.9,-2634.75,30125.5,3360.17,-41.1605,-5002.91
328.8,5.78179,45087.3,-5799.36,34399.8,3400.77,-55.1186,-5117.09
328.9,5.7974,45123.2,-8394.98,38724.7,3439.98,-70.2718,-5177.73
329.0,5.8047,45060.4,-8962.74,41327.5,3448.31,-106.518,-5076.83
329.1,5.79909,45049.1,-9117.53,41233.0,3453.14,-89.6664,-5006.29
329.2,5.79469,45054.6,-11854.1,38535.4,3461.77,-32.7163,-5076.72
329.3,5.79355,45073.7,-15102.8,34827.1,3482.87,24.874,-5208.55
329.4,5.80045,45095.8,-16769.1,31292.6,3508.53,17.671,-5194.8
329.5,5.80757,45076.6,-16935.1,28636.0,3534.68,-16.358,-5075.96
329.6,5.79702,45007.9,-18742.9,25263.5,3538.98,-53.4366,-5019.71
329.7,5.78123,45031.3,-22027.4,20356.8,3577.87,-18.8004,-5085.48
329.8,5.77559,45055.0,-24830.8,14604.5,3618.06,79.8744,-5080.37
329.9,5.78024,45093.4,-25065.6,9391.82,3690.22,138.595,-4990.44
330.0,5.79252,45100.4,-25757.5,5709.74,3735.91,124.311,-4894.61
330.1,5.79487,45036.8,-27723.0,4065.97,3740.04,87.3675,-4949.75
330.2,5.77109,44972.4,-28894.7,3315.34,3671.04,47.423,-5066.89
330.3,5.74937,45021.7,-27046.8,2421.16,3641.4,12.5183,-5083.91
330.4,5.75608,45118.8,-23328.9,1728.44,3604.58,9.8595,-4991.63
330.5,5.78368,45164.9,-20612.3,1321.52,3569.88,8.40925,-4953.79
330.6,5.8206,45168.0,-20744.4,1854.74,3584.9,-0.5645,-5001.57
330.7,5.83708,45070.5,-19955.1,3209.51,3588.96,-45.0565,-5041.19
330.8,5.83102,45041.6,-16961.7,4539.29,3624.71,-70.4495,-4961.44
330.9,5.82883,45068.3,-14133.6,4982.78,3632.39,-75.8884,-4853.66
331.0,5.83717,45110.6,-13099.9,4774.52,3638.72,-44.3044,-4926.85
331.1,5.8552,45126.5,-12893.7,4574.42,3621.99,2.99863,-5089.69
331.2,5.86831,45079.7,-11518.4,4988.16,3629.77,-4.53337,-5119.71
331.3,5.85998,45017.1,-7862.08,5917.61,3604.78,-35.4626,-5069.75
331.4,5.84093,45007.5,-5087.11,7227.98,3587.72,-34.8229,-5062.76
331.5,5.82275,45012.0,-5395.57,7998.01,3583.0,-56.4187,-5108.4
331.6,5.82303,45100.4,-5540.59,8686.2,3577.49,-52.6249,-5156.11
331.7,5.84436,45128.2,-5017.03,10140.5,3595.38,-34.8527,-5085.04
331.8,5.85454,45058.1,-5287.16,12726.0,3601.65,-34.7943,-4991.03
331.9,5.84064,44996.7,-6778.26,15526.4,3598.63,-68.9219,-5023.23
332.0,5.81674,44983.7,-8613.29,17996.4,3590.35,-79.6529,-5112.67
332.1,5.80006,45043.5,-9284.77,19538.5,3586.76,-42.8411,-5140.28
332.2,5.81369,45141.8,-8977.05,20784.5,3577.72,6.13987,-5109.02
332.3,5.84643,45162.4,-9630.24,23247.3,3589.35,17.0369,-5119.53
332.4,5.86792,45104.7,-10564.4,27108.8,3560.97,-34.0946,-5202.96
332.5,5.87076,45048.1,-10956.8,30664.4,3562.53,-129.722,-5179.09
332.6,5.86252,45036.2,-11130.3,32137.2,3583.68,-170.72,-5056.01
332.7,5.86345,45102.9,-12430.1,30253.4,3626.7,-125.939,-4997.73
332.8,5.88989,45163.7,-17516.5,26122.4,3680.07,-44.4688,-4992.73
332.9,5.91318,45114.3,-22535.1,21411.8,3675.98,-3.39425,-5038.86
333.0,5.91114,45028.7,-24749.7,17157.9,3614.55,-3.739,-5025.0
333.1,5.88734,44978.4,-25615.4,13767.1,3580.99,5.9175,-4948.43
333.2,5.86436,45015.9,-26238.9,11091.2,3558.43,24.2125,-4999.22
333.3,5.86007,45079.3,-28283.7,8214.72,3592.95,-4.8225,-5112.96
333.4,5.87454,45107.7,-29738.8,5582.42,3645.72,-22.6225,-5152.78
333.5,5.87484,45032.7,-28582.8,2585.39,3710.91,-44.5116,-5081.65
333.6,5.85684,44990.3,-25753.7,-576.671,3736.3,-42.4659,-4976.26
333.7,5.83957,45015.4,-23201.8,-2248.15,3758.82,-5.7305,-4923.99
333.8,5.83525,45079.1,-21171.7,-2002.96,3776.82,-16.621,-4908.11
333.9,5.86242,45174.4,-17602.8,21.335,3755.58,-63.7284,-4902.79
334.0,5.89925,45149.9,-13301.4,3110.06,3718.11,-106.845,-4882.54
334.1,5.90961,45061.7,-10792.3,5455.43,3678.69,-126.267,-4885.83
334.2,5.90131,45026.8,-10357.6,5994.71,3650.94,-126.046,-4977.79
334.3,5.8928,45055.6,-10139.7,5778.52,3631.74,-75.0394,-5081.04
334.4,5.90307,45130.7,-9946.38,5529.09,3622.19,-50.2589,-5067.71
334.5,5.93707,45186.1,-8362.27,5658.75,3609.47,-97.4789,-5054.33
334.6,5.96882,45133.3,-7209.08,6536.87,3624.28,-126.096,-5084.88
334.7,5.96812,45020.4,-4469.43,7196.56,3623.36,-125.523,-5133.68
334.8,5.94574,44892.8,661.964,7641.93,3621.29,-77.8644,-5096.15
334.9,5.92225,44862.5,4108.07,8802.81,3592.44,-19.537,-4962.76
335.0,5.90987,44964.0,5440.12,11009.8,3589.59,-9.54688,-4968.61
335.1,5.92016,45088.6,4243.31,13969.9,3599.52,-40.4285,-5049.72
335.2,5.9269,45035.4,2467.43,16768.2,3614.76,-79.204,-5042.0
335.3,5.91475,44924.8,1471.4,18083.5,3654.55,-96.6875,-4986.02
335.4,5.90116,44885.9,-1544.71,17867.5,3679.31,-71.609,-4976.21
335.5,5.89868,44960.9,-7361.42,17414.4,3698.71,-6.9905,-5060.77
335.6,5.92166,45116.6,-12501.1,17736.4,3700.85,18.0645,-5192.39
335.7,5.96294,45170.6,-14351.5,19514.8,3702.88,15.4415,-5204.45
335.8,5.99045,45010.5,-13359.8,21990.7,3708.38,-7.637,-5132.07
335.9,5.98455,44765.2,-12933.4,23269.8,3686.9,-29.092,-5074.13
336.0,5.96488,44669.2,-14256.8,23391.3,3685.86,22.9373,-5101.07
336.1,5.95743,44735.4,-16673.7,23438.7,3707.38,100.101,-5082.93
336.2,5.9729,44871.0,-18080.6,24389.2,3711.25,96.9703,-4986.88
336.3,6.00108,44895.2,-20666.6,25815.7,3731.91,-14.3909,-4881.11
336.4,6.01573,44729.1,-26029.7,27198.0,3746.26,-49.914,-4911.01
336.5,6.00126,44506.1,-32597.4,26840.5,3757.13,-20.1766,-5064.15
336.6,5.97862,44431.8,-37217.6,24648.9,3759.89,38.2378,-5171.36
336.7,5.96899,44516.0,-38570.1,21847.4,3757.92,78.4141,-5180.47
336.8,5.97176,44607.7,-39176.8,18827.2,3761.27,96.9441,-5165.76
336.9,5.98328,44643.0,-38717.5,16042.0,3777.56,108.494,-5242.62
337.0,5.98316,44531.4,-36544.6,13647.8,3769.01,125.155,-5228.93
337.1,5.96986,44433.3,-30197.1,11513.0,3783.28,118.004,-5077.39
337.2,5.96737,44483.0,-22076.4,10313.0,3812.36,117.299,-4889.98
337.3,5.98732,44578.6,-16120.5,10860.6,3829.61,119.272,-4817.45
337.4,6.01962,44633.1,-13312.2,12855.7,3850.48,77.71,-4854.74
337.5,6.04584,44534.2,-11112.6,15087.5,3804.67,-5.23025,-4913.98
337.6,6.04785,44358.8,-8347.06,16556.2,3779.43,-43.1987,-4938.91
337.7,6.03924,44285.2,-6710.43,16818.2,3751.26,-10.9137,-4986.78
337.8,6.04232,44327.3,-8180.53,16613.6,3739.22,28.0142,-5100.79
337.9,6.06071,44383.8,-11032.1,17351.0,3734.18,27.497,-5225.88
338.0,6.0769,44314.4,-12239.0,19096.2,3717.19,-11.753,-5236.58
338.1,6.07673,44153.3,-9363.52,21170.9,3692.61,-45.4545,-5161.17
338.2,6.0557,43993.3,-6341.67,22203.5,3674.93,-48.1287,-5018.3
338.3,6.0331,43988.8,-5656.05,21997.3,3662.17,-4.3845,-4951.49
338.4,6.03079,44107.2,-6389.89,21366.6,3648.61,56.988,-4974.53
338.5,6.04523,44203.1,-5837.42,21772.7,3629.0,82.0871,-4993.82
338.6,6.06094,44164.8,-5349.95,23531.5,3610.44,51.7654,-4957.47
338.7,6.05858,44030.6,-6117.48,26140.8,3609.9,17.7375,-5027.83
338.8,6.04074,43918.4,-10050.1,28252.5,3605.36,7.24087,-5172.68
338.9,6.02484,43959.9,-13322.6,28865.5,3611.26,3.7995,-5293.35
339.0,6.0376,44127.5,-13907.1,28188.2,3612.59,11.8921,-5246.31
339.1,6.07882,44255.8,-13266.4,27776.8,3654.96,47.3944,-5101.82
339.2,6.11857,44171.4,-14238.5,28571.6,3696.88,72.8327,-5041.17
339.3,6.13589,43936.1,-16768.4,30876.6,3742.84,60.8851,-5083.0
339.4,6.12474,43719.6,-17741.3,34146.2,3738.04,38.8462,-5081.93
339.5,6.10679,43674.4,-16796.6,36593.9,3702.1,15.9513,-4971.98
339.6,6.10209,43764.8,-17582.3,37042.4,3658.49,18.9776,-4885.52
339.7,6.11136,43843.7,-22672.7,35743.7,3629.33,62.9982,-4975.5
339.8,6.11873,43802.5,-29546.4,33201.2,3654.34,70.3981,-5130.84
339.9,6.11225,43676.7,-34361.3,30519.6,3677.49,48.3814,-5159.52
340.0,6.09038,43557.2,-36233.9,28070.8,3686.69,26.7206,-5084.37
340.1,6.07488,43612.0,-38036.4,25482.9,3743.8,25.4045,-5068.93
340.2,6.08497,43750.8,-40337.2,22104.5,3807.54,41.4162,-5148.56
340.3,6.10712,43799.9,-40723.8,18514.8,3832.03,113.323,-5162.16
340.4,6.11382,43698.1,-36770.3,15491.8,3812.68,181.257,-5048.48
340.5,6.10826,43606.9,-30984.5,14235.8,3802.99,191.292,-4914.32
340.6,6.11226,43624.3,-26281.2,15678.4,3806.73,134.762,-4896.35
340.7,6.13715,43707.8,-23708.7,19298.9,3808.45,43.6777,-4965.96
340.8,6.17499,43698.6,-20459.2,23698.3,3767.66,-57.0475,-5023.18
340.9,6.19697,43541.1,-16968.6,27089.2,3739.95,-148.041,-5003.81
341.0,6.19678,43358.4,-14673.9,28286.0,3719.16,-176.583,-4999.74
341.1,6.19281,43289.5,-14839.8,27993.6,3738.0,-124.568,-5081.88
341.2,6.19489,43303.6,-16598.3,26839.5,3741.1,-81.3155,-5117.25
341.3,6.20692,43341.7,-16644.4,25546.8,3719.86,-62.255,-5087.03
341.4,6.21982,43280.5,-15314.0,24442.2,3714.12,-33.8968,-5042.89
341.5,6.20838,43106.8,-14485.4,23085.1,3664.16,16.5134,-5038.33
341.6,6.17886,43001.9,-14589.7,21126.4,3614.27,53.2339,-5097.69
341.7,6.15574,43032.7,-14899.8,19072.9,3597.42,60.0196,-5122.56
341.8,6.15592,43191.5,-15098.2,17598.1,3591.03,75.344,-5063.79
341.9,6.18199,43298.0,-15706.2,16534.0,3592.27,45.5298,-5010.01
342.0,6.21165,43261.6,-17077.2,16217.1,3605.54,24.0536,-5029.69
342.1,6.22744,43098.6,-17768.1,15668.0,3624.22,-5.90562,-5055.5
342.2,6.23233,42969.9,-15672.8,14905.9,3606.97,7.74463,-5017.02
342.3,6.24055,42936.4,-14159.4,14884.2,3595.49,65.2913,-4906.46
342.4,6.25546,42938.6,-15007.7,16086.0,3582.15,88.4261,-4903.71
342.5,6.27634,42931.2,-16863.1,18615.2,3581.65,78.1582,-5045.66
342.6,6.28379,42786.6,-16282.8,21648.4,3539.89,56.6292,-5081.65
342.7,6.26243,42618.0,-14263.6,23509.9,3519.37,27.3885,-4929.31
342.8,6.23881,42615.1,-13204.4,23850.2,3501.99,32.9,-4841.18
342.9,6.23206,42712.6,-15452.1,23844.5,3484.92,52.6637,-4938.1
343.0,6.23931,42815.1,-18819.6,24271.8,3499.0,38.0863,-5023.3
343.1,6.25214,42821.9,-21354.3,24488.7,3524.51,-48.9618,-4949.51
343.2,6.24755,42705.0,-22129.7,23877.0,3527.45,-86.788,-4915.83
343.3,6.21644,42564.4,-23584.0,20706.1,3482.94,-40.1693,-4982.9
343.4,6.1924,42639.7,-25307.3,15876.7,3463.56,79.391,-5078.31
343.5,6.20237,42834.4,-24664.2,12262.2,3465.88,212.749,-5114.53
343.6,6.23408,42939.3,-21500.2,11086.1,3497.27,221.43,-5067.19
343.7,6.26901,42867.5,-18164.2,11954.7,3524.24,125.386,-5018.87
343.8,6.27812,42642.2,-16084.4,13559.5,3554.1,55.3239,-5017.88
343.9,6.26867,42511.2,-13519.2,14841.2,3584.35,66.8294,-5040.4
344.0,6.27666,42585.0,-10564.1,16293.4,3611.37,84.1597,-4999.51
344.1,6.30868,42700.6,-8236.05,19677.0,3628.12,68.5118,-4966.36
344.2,6.34297,42667.1,-8782.63,24606.5,3647.79,-4.6105,-5009.98
344.3,6.35371,42471.2,-11056.6,29456.3,3653.62,-68.4596,-5117.94
344.4,6.32659,42221.2,-12828.5,32186.4,3625.48,-72.9103,-5165.83
344.5,6.28413,42157.1,-11974.9,31976.5,3606.77,-30.8555,-5138.96
344.6,6.25762,42308.0,-11877.1,29787.8,3610.89,25.708,-5066.13
344.7,6.26155,42505.2,-14068.5,27648.2,3626.41,69.8546,-5063.86
344.8,6.27057,42558.8,-17876.9,25737.0,3635.13,45.1751,-5113.89
344.9,6.27487,42504.2,-19653.7,24130.9,3649.19,31.5208,-5142.01
345.0,6.26578,42389.9,-18572.7,21895.2,3640.54,23.322,-5078.35
345.1,6.25124,42397.7,-16577.9,18881.1,3620.32,67.3425,-5008.69
345.2,6.25919,42517.4,-15381.0,15809.4,3581.55,120.865,-5034.88
345.3,6.28392,42613.1,-14999.3,13937.3,3537.04,142.43,-5074.82
345.4,6.31944,42641.6,-13914.8,14475.7,3486.78,143.693,-5032.63
345.5,6.34531,42472.6,-14369.7,17197.9,3455.13,85.7467,-4908.7
345.6,6.34345,42271.8,-14206.0,19754.0,3448.34,-27.9165,-4950.87
345.7,6.33717,42203.0,-14142.4,20231.3,3414.14,-79.8158,-4989.56
345.8,6.34447,42261.0,-12598.4,19683.6,3405.82,14.5225,-4945.91
345.9,6.36537,42312.9,-11484.9,19322.8,3443.01,76.9228,-4878.67
346.0,6.39043,42285.8,-13401.0,20703.8,3488.82,49.7061,-4938.7
346.1,6.39207,42061.1,-16508.6,23328.0,3508.74,-36.9378,-5091.29
346.2,6.35181,41845.6,-18615.2,24133.8,3510.21,-96.8044,-5116.04
346.3,6.31308,41873.7,-17654.3,21869.5,3487.23,-43.605,-5033.53
346.4,6.29757,42027.3,-17062.5,18566.4,3477.1,85.2872,-4978.45
346.5,6.30175,42177.1,-17759.7,16669.9,3429.54,145.118,-5027.37
346.6,6.32385,42241.6,-18580.4,18589.5,3432.26,104.429,-5069.07
346.7,6.33509,42112.0,-19028.8,23349.8,3507.7,-3.83144,-4994.22
346.8,6.32597,41980.8,-18325.8,26992.4,3558.67,-99.0766,-4965.12
346.9,6.32209,41991.1,-17795.8,27038.1,3607.34,-97.0307,-5021.0
347.0,6.32943,42080.9,-15604.5,23879.8,3640.08,0.69925,-5067.02
347.1,6.36232,42229.2,-13393.0,20841.7,3638.15,120.205,-4994.83
347.2,6.40407,42216.4,-11667.4,21329.8,3600.07,134.897,-4967.71
347.3,6.4282,42029.2,-12187.0,25786.3,3610.63,34.508,-5064.15
347.4,6.42842,41838.9,-13307.5,31205.8,3644.8,-105.093,-5165.79
347.5,6.4169,41718.4,-12433.9,34162.4,3675.99,-162.679,-5143.0
347.6,6.40138,41711.6,-10469.5,33392.7,3667.72,-106.681,-5039.92
347.7,6.39991,41806.8,-10336.6,30033.5,3664.79,-34.2755,-4976.49
347.8,6.41217,41850.9,-11709.5,27104.8,3635.86,7.632,-5034.05
347.9,6.41986,41784.7,-14449.6,26282.6,3616.55,9.21525,-5054.63
348.0,6.41538,41657.5,-16829.2,26539.2,3592.02,-33.1435,-5047.48
348.1,6.40111,41567.5,-17614.7,26216.8,3548.2,-46.4075,-5109.86
348.2,6.38258,41537.8,-18178.2,23635.1,3494.64,2.63562,-5172.46
348.3,6.37338,41621.0,-16256.3,19495.1,3468.78,103.236,-5201.1
348.4,6.38152,41712.9,-13762.5,16818.9,3436.76,204.138,-5123.6
348.5,6.39332,41719.2,-12314.5,17058.6,3435.38,165.82,-5029.65
348.6,6.40809,41716.8,-12193.4,20306.8,3445.77,52.4882,-4995.19
348.7,6.42563,41666.0,-13903.3,23642.7,3480.66,-56.5124,-4942.19
348.8,6.44034,41635.9,-13730.2,24411.4,3487.01,-81.3617,-4884.32
348.9,6.46037,41629.9,-12308.9,22513.3,3439.82,9.84856,-4834.48
349.0,6.48074,41582.1,-12622.4,20732.1,3389.01,122.147,-4816.39
349.1,6.49281,41521.3,-15692.8,21081.9,3361.57,153.294,-4925.39
349.2,6.50413,41434.0,-20888.9,23579.0,3348.77,77.2246,-5073.52
349.3,6.48841,41264.3,-25187.6,25340.9,3305.95,-31.9371,-5141.54
349.4,6.45431,41177.6,-26473.0,23292.3,3255.99,-42.2054,-5112.21
349.5,6.43208,41252.8,-26400.9,18761.7,3268.57,100.726,-5045.81
349.6,6.42357,41335.2,-25865.2,14335.0,3279.13,188.554,-5017.13
349.7,6.43685,41464.4,-25351.0,14066.0,3305.38,197.716,-5007.71
349.8,6.45416,41401.4,-24771.9,17942.0,3353.82,73.693,-4936.11
349.9,6.44558,41256.8,-23176.7,22379.5,3389.05,-55.1475,-4889.46
350.0,6.42879,41208.8,-21877.0,23802.6,3417.15,-44.619,-4898.12
350.1,6.42138,41270.8,-21530.3,22110.3,3447.77,83.336,-4961.03
350.2,6.42888,41411.5,-22421.2,19564.1,3452.43,199.381,-5023.5
350.3,6.46891,41531.3,-24694.8,20464.6,3454.23,237.414,-5077.22
350.4,6.49731,41400.3,-26122.6,24469.9,3458.07,65.6953,-5166.97
350.5,6.50359,41247.0,-26262.1,27797.0,3447.8,-131.47,-5208.04
350.6,6.50389,41134.8,-24673.6,27070.6,3438.35,-173.541,-5171.79
350.7,6.49203,41094.3,-22636.7,21600.6,3394.47,-47.3849,-5095.25
350.8,6.49771,41230.9,-20053.6,14099.6,3373.13,102.04,-5064.28
350.9,6.52198,41278.1,-16592.7,10041.0,3304.91,186.397,-5006.57
351.0,6.5197,41141.4,-14860.7,10409.5,3269.08,143.821,-4888.12
351.1,6.49991,41032.6,-13582.1,12357.2,3204.95,35.098,-4905.02
351.2,6.47279,40958.0,-12223.7,13676.0,3141.69,11.9694,-5041.05
351.3,6.43464,40983.5,-9814.38,12127.7,3099.27,70.7819,-5073.19
351.4,6.42526,41164.9,-7464.35,9057.06,3036.55,129.094,-4993.84
351.5,6.43061,41272.0,-6548.98,7421.67,3019.73,105.563,-5007.95
351.6,6.44346,41325.5,-7934.99,8327.58,3030.74,39.5561,-5066.46
351.7,6.4684,41328.6,-9247.38,10222.7,3046.09,-78.5691,-5051.97
351.8,6.49004,41255.7,-9999.48,11359.5,3097.27,-117.694,-4942.25
351.9,6.50135,41174.1,-11432.6,9471.24,3128.54,-74.3364,-4855.2
352.0,6.51479,41153.2,-14755.7,5737.91,3111.89,40.3768,-4868.86
352.1,6.52379,41109.0,-17809.6,2452.76,3071.54,140.967,-4943.92
352.2,6.53141,41097.9,-19740.4,980.762,3029.95,159.155,-4952.11
352.3,6.53852,41051.7,-20596.3,1111.36,2986.55,85.5512,-4952.85
352.4,6.52934,40946.3,-21802.8,1250.85,2953.0,17.7768,-5036.46
352.5,6.5047,40885.6,-22362.9,-110.781,2893.77,-4.77575,-5127.93
352.6,6.48138,40933.6,-22326.5,-1901.51,2874.87,59.577,-5072.28
352.7,6.47179,41034.8,-21651.0,-1668.17,2891.76,123.475,-4955.1
352.8,6.47088,41134.5,-23014.9,1043.66,2989.4,54.5555,-4907.41
352.9,6.47589,41155.8,-24988.6,5728.08,3089.83,-49.2536,-4968.78
353.0,6.46156,41053.1,-25579.2,9933.52,3164.17,-86.504,-4994.05
353.1,6.42993,41015.9,-23964.8,11418.8,3190.68,-33.0325,-4931.57
353.2,6.41943,41144.2,-23603.9,10866.3,3211.33,53.5409,-4903.96
353.3,6.4345,41302.6,-25271.4,10590.8,3183.21,103.546,-5024.41
353.4,6.47071,41394.7,-27555.3,11030.3,3168.12,37.1098,-5162.72
353.5,6.51146,41330.3,-26921.9,12025.1,3118.82,-58.0141,-5180.32
353.6,6.52111,41101.2,-23841.7,11576.9,3056.35,-115.278,-5085.61
353.7,6.51018,40990.5,-21126.5,8784.44,3045.21,-91.1344,-5050.24
353.8,6.50631,41029.8,-19119.4,5269.31,3048.93,-14.1945,-5107.91
353.9,6.50998,41118.4,-15734.9,3154.87,3047.72,36.7595,-5095.53
354.0,6.51338,41128.2,-10644.2,3084.17,2997.73,-4.09912,-4908.91
354.1,6.49998,41057.8,-5984.23,4350.17,3009.24,-71.07,-4786.66
354.2,6.46514,40962.6,-4223.34,4491.23,2981.62,-126.896,-4836.41
354.3,6.42951,41019.0,-3497.58,3047.6,2936.4,-84.6405,-4951.63
354.4,6.41669,41185.7,-1751.27,1899.48,2903.96,15.6597,-4956.59
354.5,6.42516,41348.9,-445.988,3220.99,2902.23,45.813,-4912.85
354.6,6.4444,41394.2,-2209.31,7095.18,2922.57,-45.8228,-4988.36
354.7,6.45104,41298.5,-5710.85,11616.1,2951.19,-152.678,-5145.59
354.8,6.43552,41189.8,-7139.47,13471.9,2971.78,-183.307,-5175.52
354.9,6.42489,41236.0,-6894.11,12333.4,2990.27,-89.3402,-5023.77
355.0,6.43511,41353.7,-7656.06,10372.9,2970.51,6.435,-4907.63
355.1,6.45932,41449.5,-10837.7,9126.13,2950.31,-11.2183,-4938.37
355.2,6.49676,41459.8,-12860.8,10330.0,2933.44,-24.4809,-4994.1
355.3,6.5058,41241.3,-13251.4,12089.8,2908.92,-67.6441,-4906.56
355.4,6.48393,41098.8,-13660.4,12164.4,2895.12,-68.4333,-4852.11
355.5,6.45786,41094.5,-15812.8,9984.1,2882.64,-4.90631,-4973.27
355.6,6.43026,41189.2,-18280.2,6475.17,2850.74,88.6806,-5109.23
355.7,6.4206,41401.7,-18342.9,4071.44,2821.11,181.307,-5076.14
355.8,6.42275,41459.9,-17827.3,4475.12,2822.64,136.478,-4952.37
355.9,6.39977,41399.0,-18196.0,6745.98,2831.31,-10.2884,-4959.05
356.0,6.36674,41375.7,-19002.7,8259.9,2847.21,-114.461,-5032.26
356.1,6.34166,41458.0,-18400.7,8250.54,2902.13,-69.6199,-4960.84
356.2,6.33144,41626.5,-17392.9,6166.09,2926.33,7.68,-4794.8
356.3,6.35605,41833.8,-17590.3,4347.41,2931.44,77.3593,-4799.2
356.4,6.38818,41840.6,-20042.4,4514.57,2941.33,86.228,-4933.86
356.5,6.40356,41737.8,-20917.2,6091.12,2931.76,70.3733,-5025.59
356.6,6.4116,41633.3,-19404.6,7405.21,2915.93,31.635,-4988.24
356.7,6.40212,41540.4,-17336.7,7810.34,2871.07,38.3875,-4964.68
356.8,6.39052,41601.4,-16993.7,6482.16,2898.18,38.3802,-5052.47
356.9,6.40027,41721.2,-16602.0,5009.5,2918.13,32.742,-5142.14
357.0,6.40577,41734.3,-14870.7,4702.41,2933.67,2.014,-5058.62
357.1,6.4009,41700.7,-12428.9,5530.77,2949.76,-47.4263,-4901.68
357.2,6.39092,41673.7,-11003.8,7191.41,2991.32,-68.9482,-4884.66
357.3,6.36878,41646.4,-10883.1,8574.56,3000.01,-51.9755,-4951.21
357.4,6.34531,41713.3,-10206.4,8832.55,2990.2,6.85588,-4958.15
357.5,6.33238,41824.8,-8386.99,9243.14,2974.99,113.372,-4930.06
357.6,6.31386,41862.3,-8661.93,10042.7,2926.08,133.66,-4961.2
357.7,6.29627,41943.8,-11183.1,11511.5,2899.08,90.1431,-5112.54
357.8,6.29322,42019.3,-13506.3,14010.0,2884.63,51.6693,-5236.43
357.9,6.28831,42065.5,-14735.3,15668.2,2896.9,-18.1184,-5163.23
358.0,6.29933,42157.6,-15183.3,15227.1,2901.7,-83.8794,-5037.01
358.1,6.32103,42198.4,-16959.8,13719.5,2935.86,-50.0786,-5000.09
358.2,6.33595,42180.1,-18783.3,11242.7,2979.67,-1.76708,-5004.89
358.3,6.35702,42195.0,-17151.3,9039.11,2971.15,35.9713,-4939.5
358.4,6.37162,42130.8,-15339.1,8518.54,2934.85,88.9233,-4782.98
358.5,6.36443,42044.1,-16475.6,8027.5,2906.39,107.711,-4768.33
358.6,6.35713,42048.2,-19740.7,7510.68,2871.83,162.939,-4977.21
358.7,6.34136,42015.4,-21996.5,7547.47,2836.81,217.2,-5115.32
358.8,6.30826,42003.3,-21511.6,7359.82,2780.42,153.431,-5024.22
358.9,6.28472,42105.3,-20913.5,7097.98,2766.67,26.9601,-4905.73
359.0,6.26916,42187.5,-22818.1,6686.08,2783.11,-57.6143,-4952.73
359.1,6.2592,42297.9,-25582.0,4912.35,2853.9,-93.522,-5018.13
359.2,6.27054,42406.9,-25837.6,2907.42,2924.96,-54.3083,-4925.29
359.3,6.27078,42340.9,-24656.2,1623.62,2933.19,10.1058,-4753.7
359.4,6.25833,42319.9,-24582.7,884.068,2944.72,51.8695,-4756.44
359.5,6.25683,42374.9,-27612.9,702.206,2979.39,89.3125,-4888.18
359.6,6.26289,42427.9,-28700.5,937.929,3021.48,142.807,-5030.42
359.7,6.27006,42460.8,-27122.3,582.22,3013.93,149.207,-5024.83
359.8,6.27981,42448.9,-25512.9,795.962,3013.08,127.468,-4970.72
359.9,6.27709,42391.0,-25177.4,2125.47,3022.63,42.3457,-5052.13
360.0,6.27392,42428.8,-26171.6,3773.53,3042.38,-89.871,-5125.02
360.1,6.28552,42509.6,-24684.4,5550.19,3055.55,-158.898,-5078.19
360.2,6.29439,42525.1,-20752.1,6430.38,3073.97,-156.215,-4938.45
360.3,6.2979,42532.6,-17927.8,5699.62,3110.08,-114.497,-4851.09
360.4,6.29168,42463.0,-16750.4,3993.0,3140.88,-32.4088,-4888.82
360.5,6.26172,42389.3,-15948.8,2000.6,3161.16,71.5754,-4938.17
360.6,6.22888,42426.0,-14434.9,376.344,3122.77,157.151,-4914.19
360.7,6.20772,42535.3,-14337.5,436.221,3092.71,167.541,-4899.65
360.8,6.19511,42641.3,-15484.5,1976.61,3049.98,87.8218,-5024.66
360.9,6.19446,42736.3,-15856.2,3867.06,3012.71,-37.1019,-5163.66
361.0,6.20033,42768.0,-14097.5,5634.7,3014.49,-103.867,-5125.6
361.1,6.20103,42757.8,-12097.9,6329.03,3007.92,-138.454,-4970.44
361.2,6.20698,42808.4,-13094.2,5639.85,3039.86,-159.999,-4898.06
361.3,6.22735,42897.6,-14278.1,4966.08,3082.42,-87.8414,-4966.59
361.4,6.25038,42908.8,-12990.5,4728.01,3085.38,15.416,-4917.98
361.5,6.27186,42881.7,-9807.6,5858.73,3091.0,92.3395,-4761.33
361.6,6.27724,42742.6,-7218.21,7954.8,3066.07,79.565,-4775.5
361.7,6.2569,42615.4,-8535.2,9278.24,3062.52,11.8033,-4941.64
361.8,6.23645,42639.0,-9471.87,8899.51,3059.52,-11.5708,-5108.92
361.9,6.22778,42727.8,-8451.29,7032.27,3043.93,-18.7073,-5087.38
362.0,6.23012,42842.4,-8448.28,5152.34,3061.96,-31.8843,-4971.68
362.1,6.24068,42867.7,-11265.1,4664.6,3084.69,-75.0368,-5008.29
362.2,6.23352,42769.4,-15321.7,5392.6,3110.78,-133.846,-5098.21
362.3,6.21201,42707.3,-14543.1,5532.17,3112.18,-148.685,-5059.38
362.4,6.19146,42741.9,-12331.9,4210.73,3130.95,-65.7281,-4825.09
362.5,6.17196,42805.8,-11956.2,941.353,3130.75,52.6247,-4739.61
362.6,6.16774,42948.5,-15466.6,-2150.42,3162.77,194.896,-4905.41
362.7,6.17696,43014.7,-18706.1,-2606.34,3188.88,252.217,-5063.4
362.8,6.18269,42996.5,-18629.5,227.439,3175.19,178.264,-5025.77
362.9,6.19031,42986.7,-18414.5,4821.31,3178.36,21.8056,-4948.07
363.0,6.19994,42986.0,-20525.5,9385.57,3180.41,-76.2279,-5056.09
363.1,6.20986,43004.0,-23611.6,12086.9,3188.75,-106.378,-5215.27
363.2,6.22295,43038.6,-23670.1,13003.7,3162.4,-104.311,-5165.68
363.3,6.23402,43029.2,-20031.2,13318.2,3165.8,-92.9921,-4984.88
363.4,6.23237,42968.2,-17114.2,13250.7,3144.95,-78.4324,-4888.05
363.5,6.22129,42927.0,-15283.6,12249.8,3125.12,-42.5853,-4982.93
363.6,6.2082,42907.3,-12964.8,10471.4,3135.96,38.5845,-5030.01
363.7,6.18851,42902.6,-9982.47,7700.5,3165.07,114.789,-4914.41
363.8,6.17479,42953.7,-8122.25,5328.6,3153.6,173.1,-4863.05
363.9,6.15678,42966.7,-9005.2,4337.96,3147.28,150.397,-5010.64
364.0,6.13843,43021.4,-10636.5,5211.84,3092.02,89.2565,-5143.76
364.1,6.12997,43108.6,-10061.1,7181.19,3018.58,-18.2715,-5103.14
364.2,6.13056,43208.5,-7675.69,8959.26,2992.4,-103.756,-5013.99
364.3,6.14158,43276.8,-7414.14,8735.37,2983.32,-143.61,-4980.94
364.4,6.15529,43297.0,-8770.95,7185.44,3015.37,-67.084,-5023.87
364.5,6.16608,43263.2,-8438.43,5538.42,3070.0,51.78,-4990.67
364.6,6.1749,43237.5,-6702.46,5076.59,3120.26,117.82,-4842.91
364.7,6.18368,43229.6,-4437.51,6660.95,3124.81,148.141,-4811.36
364.8,6.18776,43192.6,-4517.43,8879.86,3116.82,122.925,-4904.73
364.9,6.18545,43180.3,-5560.71,9647.58,3111.0,67.5984,-5010.53
365.0,6.18584,43202.9,-4496.65,8510.67,3096.37,53.9166,-5041.75
365.1,6.18411,43197.2,-2240.58,6375.12,3080.49,62.4518,-5015.79
365.2,6.18199,43228.5,-3085.27,5489.35,3106.31,69.7999,-5005.52
365.3,6.181,43213.5,-6176.35,6656.03,3123.59,-3.2745,-5086.77
365.4,6.16853,43170.6,-7498.68,9224.63,3099.02,-76.4069,-5131.64
365.5,6.15203,43175.6,-6259.71,11652.1,3083.64,-57.1759,-4992.31
365.6,6.13427,43182.0,-3138.49,11896.8,3096.82,-15.3075,-4858.39
365.7,6.12356,43263.0,-2446.81,10843.9,3119.06,92.4715,-4855.67
365.8,6.12029,43306.6,-4312.45,9549.71,3134.6,161.917,-4930.7
365.9,6.1175,43335.3,-5120.9,9925.31,3156.94,178.449,-5007.0
366.0,6.11965,43368.9,-6528.37,12112.8,3186.44,97.7793,-4972.7
366.1,6.12237,43384.9,-9646.44,14718.6,3192.31,-33.4861,-5020.97
366.2,6.12515,43414.2,-14517.9,15658.5,3182.09,-118.652,-5199.23
366.3,6.13484,43475.4,-17708.2,14615.1,3167.87,-84.0277,-5294.99
366.4,6.14633,43502.1,-17445.2,12502.4,3150.22,-19.137,-5173.58
366.5,6.15509,43493.7,-16267.3,10794.0,3123.03,2.84875,-4995.94
366.6,6.16141,43479.6,-16172.9,10533.5,3119.19,20.5728,-4984.0
366.7,6.1581,43406.0,-15272.9,10704.4,3074.15,26.351,-5044.55
366.8,6.14386,43368.6,-11915.9,9610.79,3067.21,17.0588,-4959.12
366.9,6.12899,43373.7,-8426.33,6504.38,3098.25,33.2255,-4796.7
367.0,6.11376,43402.0,-7212.73,2654.08,3107.89,92.7971,-4840.83
367.1,6.09896,43452.1,-9851.74,-170.395,3121.37,128.062,-5001.09
367.2,6.0941,43527.1,-11875.6,162.941,3117.98,100.016,-5074.77
367.3,6.093,43553.3,-12396.1,3699.67,3100.07,13.1687,-5019.56
367.4,6.09085,43568.5,-12432.3,7903.67,3082.33,-107.026,-4993.64
367.5,6.08791,43572.4,-14213.9,9571.06,3111.2,-180.1,-5033.0
367.6,6.08916,43598.6,-15008.2,8542.73,3156.27,-105.978,-5043.31
367.7,6.08775,43623.6,-12812.2,5016.91,3182.72,-25.0893,-4930.63
367.8,6.09965,43700.1,-9130.25,1879.02,3191.24,52.8859,-4780.83
367.9,6.11615,43703.1,-7000.62,653.956,3185.46,58.2951,-4759.85
368.0,6.12428,43666.2,-5977.3,799.074,3193.34,22.9621,-4886.92
368.1,6.1338,43645.9,-5087.79,1071.14,3206.4,1.66556,-4942.44
368.2,6.13333,43573.4,-3370.86,1158.96,3213.58,33.7921,-4922.09
368.3,6.11766,43545.4,-2465.12,1064.65,3189.66,52.3226,-4947.02
368.4,6.11201,43621.5,-4771.43,2446.43,3226.07,41.4301,-5019.5
368.5,6.11128,43665.4,-8652.11,5831.21,3269.0,-41.4232,-5043.1
368.6,6.10753,43687.2,-11265.0,9043.71,3302.27,-177.907,-4991.08
368.7,6.10448,43663.8,-11934.1,10262.9,3297.86,-243.634,-4911.54
368.8,6.08732,43596.9,-12190.3,8418.41,3274.56,-183.859,-4872.39
368.9,6.07946,43677.1,-12474.5,4597.8,3311.65,-40.152,-4908.03
369.0,6.09522,43760.4,-12358.8,1396.64,3331.4,59.1562,-4964.91
369.1,6.11201,43750.9,-11524.1,956.903,3331.38,106.137,-4993.74
369.2,6.1179,43657.9,-10344.3,2402.26,3339.34,69.027,-5024.69
369.3,6.10571,43538.1,-10851.3,4240.46,3346.77,26.0695,-5067.82
369.4,6.07919,43501.3,-12250.0,4554.4,3334.79,-10.3162,-5093.65
369.5,6.06254,43631.5,-12090.6,2988.63,3297.96,-40.9608,-5076.57
369.6,6.07656,43839.4,-11807.0,1417.26,3288.13,-35.816,-4957.72
369.7,6.10552,43927.1,-12543.9,972.025,3281.92,-62.3289,-4881.89
369.8,6.12949,43855.2,-14435.9,1675.65,3276.15,-102.511,-4934.16
369.9,6.13212,43689.2,-16674.5,2511.27,3265.35,-94.457,-4972.75
370.0,6.11504,43574.7,-15858.7,1879.27,3219.4,-15.5039,-4966.42
370.1,6.09818,43604.4,-13421.0,-735.713,3174.03,80.9239,-4927.15
370.2,6.09763,43717.8,-12389.9,-3672.5,3148.62,154.277,-4920.49
370.3,6.09931,43746.3,-12839.5,-5524.85,3118.29,132.731,-4982.36
370.4,6.09313,43701.6,-13713.1,-5791.78,3118.49,35.9481,-5027.76
370.5,6.08017,43626.8,-13027.4,-5022.6,3102.37,-64.9653,-4994.86
370.6,6.06682,43631.0,-11137.9,-4050.15,3090.97,-123.301,-4943.99
370.7,6.06766,43723.3,-8883.15,-3296.47,3090.47,-134.982,-4936.84
370.8,6.08395,43809.1,-7071.79,-2307.84,3101.1,-109.977,-4941.49
370.9,6.09922,43807.6,-4977.15,-1118.05,3131.64,-77.055,-4921.8
371.0,6.1012,43730.6,-2545.45,-1035.82,3151.58,-77.3497,-4872.17
371.1,6.09367,43678.0,-2147.06,-1839.69,3162.22,-12.2469,-4832.45
371.2,6.08197,43685.4,-3069.56,-3581.49,3221.54,50.7515,-4938.23
371.3,6.08429,43781.6,-4092.49,-5068.32,3258.39,78.5685,-5062.2
371.4,6.0943,43822.5,-4931.14,-5162.14,3310.61,29.8095,-5060.31
371.5,6.09488,43779.5,-5388.07,-3762.79,3315.64,-42.4855,-5044.83
371.6,6.08872,43745.3,-7552.6,-1944.52,3326.31,-91.0495,-5079.14
371.7,6.08587,43756.7,-11388.0,-550.482,3336.58,-105.307,-5112.88
371.8,6.08645,43812.6,-13502.1,94.2388,3332.27,-78.9327,-5087.34
371.9,6.09477,43849.4,-13230.9,184.306,3312.41,-38.926,-4997.21
372.0,6.09787,43829.2,-11546.5,236.008,3298.54,-14.041,-4935.18
372.1,6.09198,43764.7,-10364.0,47.6297,3299.11,-16.7751,-4943.52
372.2,6.08143,43742.3,-8514.65,-575.855,3327.84,-18.1834,-5002.88
372.3,6.07721,43757.4,-7248.08,-1700.61,3370.3,8.57938,-5002.7
372.4,6.07551,43779.4,-6131.14,-3398.44,3398.74,27.3456,-5001.13
372.5,6.08159,43814.8,-5914.15,-4276.86,3413.16,70.4047,-5026.58
372.6,6.08534,43784.9,-6966.8,-3868.12,3392.04,46.3069,-5015.22
372.7,6.08372,43775.4,-7456.77,-2923.97,3334.94,-51.592,-4972.35
372.8,6.08829,43806.3,-6772.42,-2750.37,3305.94,-150.186,-4930.35
372.9,6.09743,43830.0,-5373.4,-3899.5,3266.54,-145.416,-4910.86
373.0,6.10272,43817.8,-5053.9,-5934.45,3241.21,-75.799,-4915.98
373.1,6.10572,43792.2,-6015.14,-7037.55,3259.07,-1.94975,-4970.74
373.2,6.10728,43769.0,-6703.73,-5446.58,3266.6,42.5801,-5029.34
373.3,6.10263,43718.7,-7530.22,-2363.54,3251.83,6.66087,-5002.72
373.4,6.09744,43715.3,-8385.7,-119.543,3273.07,-60.9669,-4956.32
373.5,6.09577,43726.7,-9311.71,-115.106,3293.08,-63.0788,-4955.84
373.6,6.09536,43732.8,-10843.2,-1968.89,3305.93,-24.3477,-4955.62
373.7,6.1019,43756.2,-12032.3,-2852.71,3324.53,-6.84875,-4964.85
373.8,6.10662,43731.2,-13070.6,-1192.06,3327.39,-78.9455,-4988.22
373.9,6.10834,43694.8,-13977.6,2472.12,3314.39,-172.868,-5050.93
374.0,6.10646,43668.7,-13576.3,5599.35,3322.17,-216.777,-5125.36
374.1,6.10769,43668.9,-12483.5,6707.5,3345.75,-122.402,-5104.63
374.2,6.10328,43638.3,-10926.8,4965.66,3359.37,-38.5993,-5009.26
374.3,6.10153,43664.2,-9035.59,2153.74,3394.2,13.266,-4953.87
374.4,6.10402,43669.3,-7612.46,282.659,3386.59,22.4007,-4895.57
374.5,6.10615,43671.4,-6650.92,-797.102,3392.27,-53.5493,-4859.62
374.6,6.11845,43705.1,-5052.87,-1291.82,3378.23,-107.438,-4903.09
374.7,6.12604,43646.5,-3955.27,-1651.16,3373.47,-104.402,-4953.03
374.8,6.11466,43566.3,-2990.7,-2090.53,3353.25,-68.5044,-5008.67
374.9,6.10339,43573.2,-2901.37,-1215.75,3318.47,-7.33669,-5057.47
375.0,6.09414,43614.7,-4513.53,1661.05,3322.72,-6.69338,-5058.66
375.1,6.09277,43706.6,-5779.74,4723.93,3343.25,-90.321,-5044.02
375.2,6.11018,43773.8,-6496.0,6818.56,3371.08,-144.414,-4981.83
375.3,6.1195,43698.4,-6485.13,7328.42,3389.07,-123.64,-4920.45
375.4,6.11639,43612.0,-6390.5,6266.28,3426.13,-107.922,-4923.38
375.5,6.11829,43595.6,-6115.33,5482.45,3459.71,-113.826,-4966.04
375.6,6.12245,43592.3,-5757.97,5949.65,3471.61,-125.915,-5011.62
375.7,6.13301,43629.1,-4452.95,6544.75,3495.88,-140.58,-5052.25
375.8,6.15187,43617.2,-3067.93,6542.48,3519.81,-120.331,-5089.46
375.9,6.15328,43496.3,-1223.03,5479.64,3508.72,-57.7684,-5078.96
376.0,6.14072,43405.0,-889.758,3514.21,3483.01,-5.1045,-4970.62
376.1,6.13552,43419.3,-1700.06,1853.47,3494.81,-7.18,-4907.91
376.2,6.1431,43500.1,-5183.44,1778.06,3518.4,-21.3083,-4907.59
376.3,6.16317,43528.6,-9553.97,3230.38,3525.55,-50.476,-4970.0
376.4,6.17069,43421.8,-12034.5,5987.19,3495.23,-81.3785,-5050.87
376.5,6.15118,43277.8,-11958.1,8598.75,3452.18,-107.847,-5104.23
376.6,6.12313,43254.4,-11290.2,9891.15,3404.05,-98.0215,-5107.98
376.7,6.10775,43384.2,-10188.2,9939.72,3386.65,-35.3522,-5165.0
376.8,6.12005,43572.0,-8781.04,9994.66,3392.07,57.0853,-5163.91
376.9,6.15011,43640.3,-7807.47,11813.8,3413.81,81.5444,-5030.4
377.0,6.16696,43507.9,-6691.38,14959.7,3439.76,-31.8388,-4922.47
377.1,6.16343,43351.4,-6152.98,17716.2,3430.63,-159.346,-4896.76
377.2,6.15458,43280.1,-6088.36,17885.2,3429.51,-194.045,-4916.81
377.3,6.15778,43353.4,-7200.32,15238.9,3439.95,-124.513,-4914.69
377.4,6.18732,43471.7,-8431.86,11447.2,3447.45,-37.0876,-4982.93
377.5,6.22441,43428.8,-10398.7,9200.73,3440.71,17.2117,-5098.77
377.6,6.23702,43217.5,-10352.4,9266.93,3417.26,27.7186,-5210.05
377.7,6.22831,43004.8,-9209.28,10064.6,3408.72,-17.8398,-5177.76
377.8,6.20576,42908.1,-8152.38,9976.19,3406.33,-41.8364,-5080.51
377.9,6.19158,42967.3,-7544.4,8738.27,3419.97,11.2598,-5066.45
378.0,6.19196,43065.7,-7274.41,7652.53,3438.47,64.3081,-5052.08
378.1,6.19496,43094.2,-5495.89,8091.2,3455.22,22.9198,-5000.35
378.2,6.19598,43061.5,-4697.11,11174.8,3477.47,-39.0638,-4917.94
378.3,6.18155,42964.2,-4810.82,15393.7,3446.07,-107.224,-4981.09
378.4,6.16134,42974.3,-5479.82,18767.7,3389.41,-121.732,-5121.1
378.5,6.15931,43083.6,-4845.7,19503.1,3350.05,-123.88,-5158.45
378.6,6.17384,43207.7,-3051.15,17924.8,3339.21,-64.922,-5097.77
378.7,6.19817,43223.2,-2624.8,14747.2,3341.5,-17.3587,-5074.44
378.8,6.2136,43142.6,-3953.2,12526.6,3370.8,34.3363,-5126.5
378.9,6.21838,43027.3,-5881.78,11925.0,3404.8,21.2827,-5108.34
379.0,6.22831,43018.0,-5452.92,12465.3,3468.94,-36.8317,-5026.29
379.1,6.25279,43034.7,-4479.36,12584.8,3512.85,-76.0312,-4936.06
379.2,6.27793,42981.8,-4739.05,10801.1,3510.31,-56.3628,-4910.87
379.3,6.29412,42852.5,-4701.43,7055.76,3517.07,-24.432,-4988.47
379.4,6.30034,42725.5,-4148.83,4027.57,3503.69,54.6045,-5007.75
379.5,6.29742,42605.7,-4166.75,4138.74,3464.54,83.9908,-4996.57
379.6,6.28527,42530.8,-6140.7,7286.75,3435.81,-7.68288,-5081.05
379.7,6.27732,42536.7,-9310.64,11620.0,3455.81,-115.327,-5212.23
379.8,6.26217,42489.8,-11000.3,13886.2,3470.42,-156.325,-5214.41
379.9,6.23583,42468.5,-10134.3,12652.3,3497.68,-94.1084,-5089.12
380.0,6.21151,42509.5,-8995.75,8966.95,3501.88,-28.6633,-4982.87
380.1,6.20021,42641.0,-9524.94,6093.65,3502.85,11.6932,-4961.93
380.2,6.21541,42801.4,-10877.0,5593.93,3484.68,-14.9858,-4990.46
380.3,6.24675,42865.3,-11290.3,7090.58,3441.12,-87.7154,-4989.65
380.4,6.27027,42775.7,-10832.4,8187.04,3386.43,-144.087,-5009.74
380.5,6.27375,42630.2,-11208.6,6589.1,3354.13,-125.231,-5051.02
380.6,6.26947,42580.4,-12447.0,3011.83,3325.65,4.61525,-5126.19
380.7,6.27806,42648.7,-12303.3,-431.532,3307.82,122.523,-5178.0
380.8,6.3124,42750.9,-11040.4,-647.593,3294.07,158.167,-5112.3
380.9,6.34966,42669.5,-10236.4,2633.26,3291.41,59.3587,-5011.07
381.0,6.36473,42457.2,-8412.67,7946.85,3286.67,-45.6203,-5043.62
381.1,6.34978,42199.5,-5760.14,12152.1,3231.96,-133.939,-5034.03
381.2,6.31913,42111.6,-757.389,14052.5,3214.05,-166.874,-4947.75
381.3,6.30205,42211.8,3830.55,14080.4,3189.44,-167.957,-4864.56
381.4,6.30486,42340.9,5565.19,13617.1,3181.16,-151.941,-4929.32
381.5,6.3116,42351.8,6267.88,13173.6,3179.27,-158.181,-5088.28
381.6,6.30618,42250.0,8120.42,12590.9,3165.56,-143.096,-5115.08
381.7,6.28192,42129.3,11361.5,11012.2,3157.27,-105.701,-5022.95
381.8,6.25837,42152.5,13030.8,8361.61,3185.29,-31.0471,-4982.56
381.9,6.25768,42298.2,11870.7,5835.86,3194.23,42.3479,-5024.56
382.0,6.27569,42432.1,9900.0,5226.55,3217.0,58.6244,-5059.32
382.1,6.29575,42438.3,8873.31,6089.47,3232.6,-69.7532,-4986.43
382.2,6.30607,42363.8,7655.64,8359.46,3199.16,-163.191,-4936.78
382.3,6.30274,42278.0,4948.92,9914.14,3197.44,-234.359,-5043.04
382.4,6.30373,42338.9,1880.71,9506.44,3182.27,-235.329,-5170.19
382.5,6.33527,42474.6,839.567,7725.43,3214.42,-161.344,-5186.82
382.6,6.36943,42450.0,2063.95,6270.33,3199.89,-39.1907,-5126.37
382.7,6.38551,42293.0,2887.31,6232.0,3190.87,45.8037,-5104.38
382.8,6.37582,42079.0,2321.19,7674.02,3204.56,43.0985,-5137.54
382.9,6.34628,41960.0,2831.15,9605.66,3202.22,14.99,-5132.71
383.0,6.31849,42000.1,5201.28,9995.75,3194.56,-16.302,-5034.76
383.1,6.30735,42108.8,8989.45,8802.43,3169.71,-38.7541,-4970.37
383.2,6.30425,42174.3,11217.5,7636.83,3142.54,-50.1037,-5000.54
383.3,6.29804,42166.1,10843.8,7444.23,3156.51,-98.5563,-5075.69
383.4,6.29783,42160.0,9191.76,9111.47,3158.6,-108.724,-5121.47
383.5,6.2987,42153.3,7177.77,11133.8,3155.56,-129.262,-5099.49
383.6,6.30616,42204.3,6443.66,11994.4,3122.96,-97.2028,-5075.25
383.7,6.3283,42241.9,6066.96,11668.3,3128.17,-2.691,-5044.86
383.8,6.34001,42191.4,4927.98,11006.0,3127.24,84.525,-5003.63
383.9,6.34474,42127.9,2758.32,11132.5,3105.23,92.5342,-4987.22
384.0,6.33889,42075.1,246.652,12712.3,3103.58,0.034,-5026.65
384.1,6.33336,42097.2,-84.1341,14620.9,3100.24,-108.386,-5102.43
384.2,6.33985,42163.8,1545.57,15473.7,3058.86,-163.456,-5102.28
384.3,6.35122,42196.2,4515.58,15532.6,3026.28,-136.899,-5086.07
384.4,6.35567,42147.7,5847.01,15233.9,2999.89,-106.175,-5053.64
384.5,6.34784,42089.4,6827.02,15560.0,2970.55,-93.4208,-5060.71
384.6,6.333,42056.8,7566.9,16448.7,2955.82,-78.5235,-5015.16
384.7,6.31951,42102.2,10568.2,16983.6,2945.5,-57.3356,-4986.25
384.8,6.31746,42168.5,13631.3,16831.9,2943.84,-12.6787,-4948.94
384.9,6.31436,42157.9,15585.2,16348.8,2963.01,17.1316,-4971.06
385.0,6.30033,42098.7,14730.2,16008.8,3005.13,13.4171,-5022.26
385.1,6.28968,42100.1,12743.6,16461.3,3033.07,-19.4386,-5084.93
385.2,6.28788,42151.4,10558.1,17471.8,3044.79,-78.1208,-5093.66
385.3,6.30182,42240.1,8334.57,18264.5,3044.4,-126.315,-5072.03
385.4,6.32981,42295.1,6098.2,18539.4,3066.08,-125.163,-5076.54
385.5,6.35125,42219.9,3690.13,18040.3,3072.53,-98.1381,-5076.2
385.6,6.35575,42117.7,2270.25,17201.7,3058.08,-52.3807,-5064.07
385.7,6.34808,42043.1,1427.33,16331.5,3090.0,-8.976,-5052.58
385.8,6.33308,42041.7,670.441,15390.4,3109.51,26.7773,-5049.3
385.9,6.32069,42108.4,436.535,14080.2,3115.99,55.32,-5090.8
386.0,6.3136,42164.7,1952.06,12718.8,3098.56,70.3087,-5123.69
386.1,6.30212,42181.4,4937.51,12156.7,3058.45,76.6762,-5052.38
386.2,6.29021,42199.9,8294.97,12972.7,3027.41,35.5477,-4979.24
386.3,6.28294,42246.4,10547.8,15424.4,3019.27,-45.891,-4990.37
386.4,6.28316,42303.3,11571.7,18514.1,3045.75,-126.744,-5046.77
386.5,6.28866,42348.1,12176.9,20701.6,3116.33,-176.479,-5040.0
386.6,6.29296,42342.6,11663.8,21300.7,3150.68,-143.11,-4983.76
386.7,6.28805,42292.3,9455.18,20199.7,3193.34,-83.984,-4991.09
386.8,6.28779,42322.5,6613.06,18771.3,3241.37,-8.10513,-5065.99
386.9,6.29971,42355.0,5951.43,17570.6,3225.71,0.97225,-5088.76
387.0,6.31885,42365.8,6700.02,16976.1,3166.42,-14.5127,-5019.98
387.1,6.33771,42313.5,6938.37,16484.0,3100.77,-28.4543,-4991.12
387.2,6.34785,42215.7,6088.3,15728.5,3070.12,-47.938,-5076.82
387.3,6.34866,42156.8,5599.25,14559.0,3109.37,-64.3694,-5147.06
387.4,6.34805,42136.8,7526.65,14193.6,3118.72,-41.3197,-5108.47
387.5,6.33715,42115.5,9725.92,15284.8,3129.74,-25.5187,-4998.49
387.6,6.32218,42139.2,9456.3,17456.4,3142.36,-62.1139,-4976.64
387.7,6.31596,42210.4,6711.63,19695.5,3225.38,-113.147,-5034.54
387.8,6.31619,42237.5,5063.16,21001.5,3272.66,-105.638,-5038.62
387.9,6.3138,42214.1,4967.04,20728.6,3294.04,-71.6523,-4948.23
388.0,6.30874,42190.1,5945.57,19847.4,3254.85,-44.8935,-4946.13
388.1,6.30837,42194.3,4243.06,20087.9,3215.78,-22.8253,-5026.8
388.2,6.31694,42236.5,2116.03,21339.9,3201.12,-67.326,-5152.68
388.3,6.33952,42270.9,2035.59,22769.5,3169.25,-131.342,-5202.57
388.4,6.35201,42169.9,3988.63,22511.9,3108.45,-176.685,-5109.86
388.5,6.34443,42057.0,4893.75,19606.1,3098.25,-136.87,-5005.85
388.6,6.33855,42047.1,4779.54,15557.0,3084.95,-32.3517,-5011.33
388.7,6.3359,42071.6,3963.13,12177.7,3059.58,4.67975,-4988.35
388.8,6.347,42157.9,4403.97,10793.0,3054.68,-42.0855,-4888.29
388.9,6.36207,42148.2,5658.88,10579.2,3061.58,-134.32,-4853.22
389.0,6.36284,42051.0,5346.24,10017.4,3069.92,-148.377,-4958.43
389.1,6.34727,41975.6,4569.32,8164.11,3088.08,-86.4904,-5101.76
389.2,6.32948,41978.6,5124.44,6328.03,3081.93,3.62663,-5142.5
389.3,6.31668,42052.4,6491.92,6038.18,3040.5,29.6456,-5076.6
389.4,6.32151,42183.2,6849.45,7463.32,3055.85,-25.6167,-5028.39
389.5,6.33616,42204.9,6568.56,9770.74,3078.26,-82.523,-5030.58
389.6,6.33799,42092.3,7645.29,11682.2,3085.04,-104.013,-5007.76
389.7,6.32439,41991.6,9181.73,12210.4,3116.42,-125.516,-4893.06
389.8,6.31433,41996.7,9590.78,11687.9,3138.54,-149.432,-4831.4
389.9,6.31891,42093.0,8893.19,11180.6,3140.88,-126.454,-4949.96
390.0,6.33665,42158.7,8203.06,11028.1,3093.27,-88.8317,-5050.69
390.1,6.35417,42136.8,9681.97,10589.6,3062.84,-109.627,-5042.74
390.2,6.35978,42044.5,12471.0,9453.55,3034.38,-105.73,-4999.14
390.3,6.35016,41962.0,13938.1,7289.25,3007.38,-35.2204,-4999.51
390.4,6.34031,41967.4,14954.4,4761.69,2986.14,36.8805,-5042.73
390.5,6.34493,42079.9,16662.1,4022.98,3024.84,77.5468,-5001.53
390.6,6.36403,42140.5,17509.1,6642.61,3082.82,29.7232,-4869.69
390.7,6.37206,42063.5,16825.1,11516.0,3130.74,-122.562,-4861.21
390.8,6.36664,41974.3,14075.1,16247.1,3191.39,-244.59,-4981.93
390.9,6.35786,41913.7,10927.7,18705.9,3219.73,-268.701,-5055.99
391.0,6.35162,41956.5,9045.61,18734.8,3201.11,-176.773,-5046.61
391.1,6.36427,42035.4,6603.02,17438.7,3189.89,-106.277,-5048.6
391.2,6.38737,42046.9,3660.47,17357.0,3161.66,-50.8037,-5147.11
391.3,6.39758,41925.0,705.399,18276.4,3128.71,-67.3629,-5219.82
391.4,6.3896,41785.7,-328.617,19197.5,3109.92,-88.3175,-5201.18
391.5,6.37043,41701.8,-76.8032,19140.0,3044.56,-73.8603,-5103.35
391.6,6.34566,41737.4,285.396,17290.7,3000.47,-52.9116,-5070.57
391.7,6.3453,41899.7,-345.001,15222.0,2977.02,-2.2845,-5074.44
391.8,6.35281,41970.5,31.3629,13777.0,2948.34,-31.1503,-5055.19
391.9,6.35629,41975.7,2374.89,12935.2,2909.12,-91.9445,-5012.26
392.0,6.36033,41957.9,5083.14,12372.1,2901.17,-123.564,-4976.13
392.1,6.3568,41924.5,7378.56,10892.3,2899.06,-114.861,-5003.48
392.2,6.36183,41987.0,8361.15,8737.64,2918.78,-31.3428,-5044.13
392.3,6.37756,42005.0,9929.36,6898.09,2907.76,27.0721,-5055.45
392.4,6.38398,41961.4,12705.9,6502.6,2896.08,60.8545,-5010.73
392.5,6.38557,41896.9,14705.1,6834.32,2917.22,12.873,-4928.22
392.6,6.37964,41814.3,15068.1,7738.7,2931.5,-16.7311,-4915.75
392.7,6.36817,41782.9,13264.8,8622.56,2960.44,-23.3485,-4936.55
392.8,6.36424,41813.6,11570.8,9245.35,2948.49,-70.054,-4959.85
392.9,6.37009,41854.5,10765.0,10163.2,2940.73,-137.437,-4952.54
393.0,6.37646,41855.6,10353.3,11005.3,2921.92,-181.743,-4963.94
393.1,6.37782,41805.2,10754.7,11118.7,2869.26,-178.813,-5040.55
393.2,6.36866,41756.4,11973.0,10563.5,2868.19,-128.695,-5101.02
393.3,6.35803,41773.4,13644.0,10270.7,2890.1,-26.2598,-5069.15
393.4,6.34648,41799.3,14945.0,10484.6,2900.16,11.2025,-5007.29
393.5,6.33192,41841.9,15799.0,11336.7,2891.21,-0.49025,-5000.38
393.6,6.32233,41903.9,15859.5,12593.4,2913.29,-9.06662,-4967.91
393.7,6.31502,41965.2,15870.9,13323.2,2944.88,-55.3595,-4903.51
393.8,6.3237,42064.6,15696.2,14210.1,2963.74,-83.9874,-4903.32
393.9,6.34659,42132.6,14424.9,16646.8,2979.21,-97.6461,-4993.74
394.0,6.37118,42109.3,11488.4,20774.4,3004.22,-154.413,-5098.59
394.1,6.38754,42029.9,9603.85,25204.8,2995.59,-240.529,-5207.44
394.2,6.393,41928.3,8759.43,28354.0,2979.73,-243.67,-5226.61
394.3,6.38618,41864.6,7951.36,28524.9,3003.86,-176.001,-5168.44
394.4,6.38483,41893.4,7331.89,26474.4,3015.94,-43.1383,-5132.46
394.5,6.38982,41885.8,5039.15,25014.3,3032.69,71.0663,-5078.99
394.6,6.37865,41810.3,4320.41,25029.3,3014.58,37.3279,-5051.52
394.7,6.3667,41797.6,4098.0,26679.9,2990.2,-56.8329,-4991.49
394.8,6.35054,41759.6,3781.87,28044.2,2963.39,-164.133,-4970.22
394.9,6.32617,41802.7,2999.3,26871.0,2927.25,-205.214,-5065.79
395.0,6.31454,41921.4,2793.92,23430.7,2879.75,-145.436,-5182.13
395.1,6.30688,42003.0,3451.62,19562.8,2868.93,-65.5462,-5196.02
395.2,6.30411,42112.5,4956.7,17137.9,2879.44,2.50175,-5158.86
395.3,6.32205,42204.5,5397.43,18154.1,2915.03,47.416,-5128.04
395.4,6.32776,42132.8,4559.72,21432.0,2913.86,7.8465,-5099.95
395.5,6.3249,42103.0,4273.42,24208.1,2914.91,-68.7705,-5027.34
395.6,6.32644,42080.1,5200.23,25293.4,2882.66,-102.846,-4922.1
395.7,6.31762,42074.8,5904.96,24130.6,2855.58,-92.299,-4864.02
395.8,6.3261,42181.4,4481.96,21633.8,2830.31,-95.435,-4912.57
395.9,6.35273,42242.0,1959.52,20922.3,2822.46,-82.3323,-5055.97
396.0,6.36987,42169.7,1299.8,22027.9,2822.0,-114.86,-5191.32
396.1,6.37917,42085.6,2906.3,23490.9,2831.77,-165.637,-5215.5
396.2,6.36994,41925.1,4961.08,23563.0,2852.95,-152.329,-5159.74
396.3,6.33668,41859.4,6359.66,21207.9,2881.34,-39.5034,-5116.23
396.4,6.31143,41939.7,6580.57,17366.8,2900.59,60.1151,-5027.35
396.5,6.29858,42057.7,6391.35,15057.9,2944.9,86.1996,-4894.37
396.6,6.29286,42152.4,6321.64,14804.9,2992.01,-1.00785,-4816.79
396.7,6.29712,42194.3,6798.66,16206.2,3035.58,-110.403,-4871.82
396.8,6.29582,42149.7,7248.78,18463.4,3077.21,-147.457,-4977.2
396.9,6.28519,42123.6,7085.1,20458.7,3066.26,-135.807,-5047.51
397.0,6.2848,42198.5,3891.66,22478.2,3049.65,-108.184,-5090.67
397.1,6.29936,42319.1,21.3264,25222.2,3051.04,-80.5557,-5214.35
397.2,6.32714,42389.2,-3036.18,27513.5,3018.79,-112.661,-5257.37
397.3,6.35622,42351.3,-3256.26,28835.7,3000.38,-137.571,-5169.11
397.4,6.35995,42161.0,-2607.8,28480.7,2996.11,-128.006,-5016.6
397.5,6.33938,42035.1,-3429.82,25876.4,3019.94,-121.004,-4971.59
397.6,6.32805,42092.9,-5135.02,23020.2,3051.01,-61.3645,-5050.78
397.7,6.3295,42183.1,-5776.38,21434.7,3056.52,-24.3365,-5091.27
397.8,6.33892,42253.7,-3943.21,20841.1,3028.77,-69.9408,-5073.86
397.9,6.34778,42220.7,-2425.63,20650.7,2991.25,-111.764,-5067.96
398.0,6.33239,42082.4,-2079.0,19555.9,2959.26,-88.9043,-5158.24
398.1,6.30309,42047.5,-2442.58,17198.4,2918.6,-3.85825,-5212.89
398.2,6.29072,42154.7,-1145.56,15584.1,2910.03,68.8798,-5150.44
398.3,6.2907,42261.6,1210.8,16420.8,2912.45,62.9324,-5059.41
398.4,6.30132,42330.0,1716.72,19577.5,2932.4,-15.4598,-5023.91
398.5,6.30366,42240.3,276.598,22845.6,2930.86,-123.526,-5057.68
398.6,6.28723,42155.1,79.1906,24153.7,2910.55,-145.071,-5082.01
398.7,6.27972,42193.8,905.703,23142.9,2861.81,-71.847,-4993.87
398.8,6.28724,42302.2,517.567,21540.6,2828.61,8.16063,-4917.24
398.9,6.31115,42402.8,-3060.82,20736.7,2806.59,26.4482,-5005.57
399.0,6.33761,42389.7,-5902.05,20778.0,2799.91,-14.6201,-5205.57
399.1,6.34548,42261.9,-5580.63,21183.9,2818.35,-6.77144,-5222.26
399.2,6.32832,42119.6,-1741.77,21126.2,2831.28,25.2047,-5118.02
399.3,6.29291,42078.3,436.227,19534.2,2865.36,-3.49237,-5035.33
399.4,6.27441,42242.1,-306.333,17653.7,2916.82,13.5821,-5074.19
399.5,6.27496,42393.0,-239.161,15914.8,2959.07,27.0239,-5081.92
399.6,6.28445,42462.2,745.272,15012.3,2984.78,10.1886,-4902.08
399.7,6.28258,42375.1,1594.05,14016.6,2966.67,-88.9577,-4770.66
399.8,6.26905,42315.1,738.911,13123.8,2979.16,-100.692,-4896.04
399.9,6.25773,42322.8,-616.925,11688.1,2973.52,-49.094,-5079.19
400.0,6.25848,42431.3,363.967,10789.0,2961.62,30.7222,-5119.3
400.1,6.27167,42505.3,2031.47,11866.5,2951.66,76.1817,-5072.65
400.2,6.27725,42472.6,-118.272,15139.1,2978.08,60.8088,-5084.04
400.3,6.27133,42405.2,-6027.02,18607.4,3033.16,-30.0138,-5179.72
400.4,6.25973,42382.1,-9808.58,20721.7,3048.48,-93.1752,-5221.08
400.5,6.25251,42434.9,-9071.74,20781.3,3038.41,-99.0827,-5063.78
400.6,6.26575,42572.2,-6331.7,20014.5,3011.11,-89.833,-4902.5
400.7,6.28886,42625.4,-6518.72,19961.3,2988.92,-112.86,-4944.34
400.8,6.3018,42556.8,-9263.54,20837.6,3019.56,-149.376,-5134.52
400.9,6.29432,42442.0,-9322.8,21089.8,3013.02,-153.522,-5252.52
401.0,6.27292,42392.8,-4552.2,19636.2,2958.82,-80.1419,-5190.02
401.1,6.25248,42453.0,664.167,16541.5,2922.33,25.7259,-5077.27
401.2,6.25003,42608.8,2344.39,13582.5,2968.82,105.98,-5080.22
401.3,6.26556,42680.2,1832.13,12725.0,3019.76,103.393,-5147.9
401.4,6.26803,42595.4,2318.45,14254.3,3045.81,-0.92707,-5085.14
401.5,6.25814,42498.5,3956.07,17139.4,3078.78,-119.105,-4927.16
401.6,6.24032,42443.6,5798.3,19177.8,3041.33,-222.31,-4929.39
401.7,6.23391,42556.8,5088.2,19564.6,3005.46,-225.179,-5036.35
401.8,6.25096,42688.8,4158.91,18624.7,2945.7,-154.438,-5114.8
401.9,6.26992,42707.1,5231.67,17475.9,2897.8,-75.5837,-5105.89
402.0,6.27834,42626.7,4595.67,17452.6,2876.9,15.9174,-5031.39
402.1,6.26574,42492.1,3864.24,18584.9,2851.99,47.8591,-5101.36
402.2,6.24335,42473.9,2692.99,20449.8,2837.22,40.9562,-5137.08
402.3,6.23409,42581.9,2950.33,22506.6,2878.18,4.1565,-5036.23
402.4,6.23339,42675.3,3100.49,23539.6,2926.36,-87.6305,-4908.99
402.5,6.2339,42727.3,439.511,22658.1,2982.71,-181.721,-4898.58
402.6,6.23031,42708.7,-2983.63,20635.5,2986.46,-183.835,-5020.49
402.7,6.22004,42706.3,-4558.92,18027.9,2995.81,-156.592,-5072.99
402.8,6.2268,42812.9,-3861.35,15981.6,2978.16,-106.386,-5014.93
402.9,6.25409,42872.7,-3278.23,15098.3,2959.86,-62.769,-5006.24
403.0,6.27198,42804.3,-4425.09,14612.8,2970.54,-10.476,-5088.3
403.1,6.27886,42668.4,-6496.37,13804.4,3021.32,46.7485,-5115.77
403.2,6.26136,42502.5,-4755.48,13374.2,3045.21,95.8258,-5087.65
403.3,6.22798,42445.0,-2052.04,13674.1,3015.61,74.7351,-4930.19
403.4,6.21194,42589.1,-1652.05,15521.7,3014.45,-15.4143,-4849.81
403.5,6.21707,42734.0,-4874.46,18373.7,3005.58,-145.772,-4938.74
403.6,6.23155,42813.9,-8090.46,20883.9,3024.46,-234.596,-5090.26
403.7,6.24172,42759.2,-8347.45,21897.5,3001.54,-255.948,-5114.33
403.8,6.22728,42648.8,-5776.82,21631.2,2973.96,-190.779,-5077.73
403.9,6.20117,42651.8,-5626.28,20299.1,2957.4,-92.406,-5061.28
404.0,6.18853,42801.2,-8111.95,18445.0,2951.25,-7.16819,-5149.19
404.1,6.19584,42978.0,-8553.28,16772.7,2936.22,61.7331,-5202.65
404.2,6.20841,43040.8,-6335.98,15036.2,2951.93,72.209,-5032.81
404.3,6.21563,42984.6,-2810.1,13741.0,3007.77,40.5588,-4877.04
404.4,6.2106,42881.1,-1790.28,13012.5,3091.51,-29.5467,-4915.15
404.5,6.2037,42865.4,-2137.94,12635.1,3126.35,-114.377,-5072.18
404.6,6.21622,42962.1,143.233,13581.5,3099.82,-124.349,-5135.68
404.7,6.2477,43033.0,4321.06,16314.1,3056.63,-106.765,-5055.73
404.8,6.27911,42981.0,6921.99,20059.6,3020.65,-120.58,-5035.58
404.9,6.29475,42811.0,5043.69,24166.4,3010.8,-106.551,-5121.27
405.0,6.273,42552.4,2842.19,27224.5,2988.49,-53.3945,-5213.05
405.1,6.22872,42480.3,3024.27,28178.3,2974.29,-3.76775,-5120.25
405.2,6.19582,42597.0,4091.82,27384.0,2966.3,5.125,-4943.66
405.3,6.1829,42798.2,3622.87,26123.6,2983.54,8.1735,-4958.02
405.4,6.18609,42935.6,194.255,25172.9,2988.64,-1.776,-5058.17
405.5,6.18592,42924.9,-1631.18,25063.8,2997.91,-42.829,-5129.29
405.6,6.17176,42876.2,-653.196,25480.0,2986.82,-85.5837,-5077.49
405.7,6.1575,42926.8,347.316,24981.1,2976.22,-110.009,-5005.28
405.8,6.16306,43089.8,-1202.03,23222.8,2980.47,-53.389,-5052.42
405.9,6.18514,43205.4,-3123.06,20738.3,2970.06,57.0762,-5142.42
406.0,6.21024,43214.7,-3096.98,18745.6,3002.85,123.197,-5074.25
406.1,6.22525,43107.1,-1911.29,18296.0,3041.09,114.612,-4899.52
406.2,6.2232,42956.7,-1930.74,19259.0,3034.09,63.781,-4871.47
406.3,6.21609,42897.4,-4894.55,20855.5,3000.98,22.283,-4961.58
406.4,6.21673,42930.7,-7432.81,22079.6,2959.07,-26.4443,-5006.64
406.5,6.22711,42978.4,-7882.34,23583.0,2880.27,-17.2888,-4957.62
406.6,6.23332,42937.6,-9765.1,25353.7,2829.98,-34.0187,-4916.43
406.7,6.22055,42855.8,-14124.0,26910.1,2826.05,-91.5038,-5037.08
406.8,6.19518,42805.8,-18292.8,27744.6,2836.28,-99.0646,-5187.33
406.9,6.15898,42818.4,-18647.5,26404.6,2859.05,-89.2259,-5166.58
407.0,6.13484,43000.9,-16095.5,23462.9,2930.72,3.8245,-5030.05
407.1,6.13094,43144.6,-14387.3,19728.5,3013.9,61.1838,-4984.22
407.2,6.12916,43210.5,-13634.6,17251.4,3078.02,96.1773,-5069.0
407.3,6.12539,43214.5,-12579.2,16623.7,3104.66,65.3733,-5057.17
407.4,6.12254,43231.0,-8451.13,17595.9,3096.84,0.30775,-4956.92
407.5,6.1298,43301.9,-4048.84,18132.0,3056.4,-98.657,-4881.81
407.6,6.15429,43404.4,-2255.02,17265.8,3047.8,-129.812,-4951.28
407.7,6.17956,43384.7,-3208.1,14866.5,3023.65,-103.823,-5050.16
407.8,6.19107,43319.1,-4784.51,12115.2,3036.05,-30.6842,-5084.46
407.9,6.20321,43273.2,-5079.95,11265.5,3064.18,57.9711,-5086.08
408.0,6.2059,43195.8,-6205.67,13529.4,3069.41,86.579,-5084.78
408.1,6.19775,43152.6,-6842.84,17551.4,3061.44,27.9309,-5142.99
408.2,6.18887,43131.5,-8145.57,22133.1,3035.63,-9.34937,-5093.02
408.3,6.16279,43079.8,-7907.43,24863.5,3016.87,-58.1153,-5011.63
408.4,6.13154,43129.5,-7364.85,25076.5,2995.33,-79.8379,-4969.13
408.5,6.11244,43229.8,-7687.44,24427.0,2983.31,-85.3669,-4981.89
408.6,6.08943,43307.2,-9064.0,23886.9,2938.9,-109.862,-5021.09
408.7,6.08592,43479.3,-10294.2,23995.9,2925.03,-124.344,-5072.77
408.8,6.09703,43541.5,-10424.0,24511.3,2921.19,-117.414,-5127.04
408.9,6.10063,43548.7,-8998.86,23522.2,2982.09,-82.0871,-5165.13
409.0,6.11288,43558.3,-7459.7,21137.3,3022.82,27.9234,-5137.89
409.1,6.1151,43483.6,-5874.82,18733.1,3049.15,125.843,-5092.33
409.2,6.11499,43519.4,-5402.37,17553.8,3096.3,135.132,-5032.62
409.3,6.14005,43604.8,-5642.04,18656.0,3117.88,48.065,-4980.97
409.4,6.16277,43568.3,-5703.75,21068.4,3120.25,-98.6581,-4985.4
409.5,6.17574,43504.7,-5095.96,22563.0,3102.38,-194.775,-5012.24
409.6,6.18305,43411.2,-4386.65,22567.1,3051.71,-189.602,-5012.25
409.7,6.17542,43329.5,-4381.62,22304.6,3018.67,-82.4628,-5035.68
409.8,6.16508,43347.7,-5437.07,22436.4,2965.77,-10.9467,-5093.45
409.9,6.16106,43372.3,-7834.17,24053.2,2958.18,12.588,-5100.85
410.0,6.14326,43339.9,-10327.4,26097.2,2992.92,-0.641,-5066.17
410.1,6.10894,43294.4,-12250.9,25792.0,2994.16,-51.098,-5028.82
410.2,6.06518,43302.5,-14202.5,22740.0,3003.54,-52.0773,-5008.76
410.3,6.02408,43416.9,-15579.8,17538.1,3028.75,-39.2887,-5010.12
410.4,6.01554,43708.4,-15758.2,12452.0,3067.04,-8.32475,-5035.99
410.5,6.04934,43917.0,-14351.9,9705.67,3076.15,-22.6243,-5063.68
410.6,6.09031,43959.5,-12367.1,10196.3,3126.43,-39.6999,-5092.5
410.7,6.1235,43830.4,-9899.8,11571.2,3153.3,-90.2868,-5102.43
410.8,6.13832,43653.7,-6479.4,12443.7,3170.95,-74.5002,-5092.74
410.9,6.13537,43550.3,-3796.65,12029.9,3156.71,21.4844,-5004.39
411.0,6.13883,43600.8,-2576.47,10932.1,3157.25,87.7472,-4924.62
411.1,6.16449,43705.7,-2965.31,11660.3,3192.57,98.3458,-4928.01
411.2,6.18914,43641.7,-3871.1,14141.6,3227.12,-14.5538,-4995.46
411.3,6.19331,43465.8,-4335.31,17419.6,3246.98,-136.614,-5050.27
411.4,6.16637,43254.1,-4009.93,19764.9,3213.92,-186.305,-5080.54
411.5,6.12268,43206.5,-4962.29,20317.9,3174.87,-128.37,-5106.37
411.6,6.10316,43408.6,-5697.32,20209.7,3163.15,-27.9102,-5181.6
411.7,6.11114,43603.3,-7413.49,20689.4,3204.64,21.7769,-5165.42
411.8,6.11905,43623.6,-9288.9,22116.4,3237.57,33.0731,-5076.89
411.9,6.10069,43468.4,-11785.5,23823.1,3290.52,51.5515,-5051.98
412.0,6.05281,43331.4,-14106.6,24558.2,3302.22,39.284,-5095.83
412.1,6.01413,43480.7,-14284.6,23815.1,3319.7,40.3747,-5129.94
412.2,6.02731,43805.1,-11639.6,22696.7,3288.03,68.2412,-5116.31
412.3,6.07963,44021.8,-8503.62,22966.7,3253.91,92.394,-5107.65
412.4,6.13871,43995.9,-6702.88,25389.1,3240.5,62.6353,-5159.26
412.5,6.17623,43738.3,-5469.61,29830.8,3248.9,1.42475,-5219.81
412.6,6.17222,43449.3,-4715.64,34054.2,3241.43,-50.28,-5150.66
412.7,6.15572,43402.2,-5307.43,35459.5,3231.82,-74.9222,-5001.68
412.8,6.16017,43543.6,-6698.45,33945.8,3219.28,-23.1216,-4978.76
412.9,6.18445,43673.4,-9123.24,31473.1,3260.12,80.8969,-5004.16
413.0,6.20783,43604.5,-10452.6,30148.5,3268.17,126.163,-4998.6
413.1,6.19643,43313.9,-12393.5,31266.3,3226.42,81.6534,-4964.27
413.2,6.13996,43076.3,-14692.6,32656.9,3227.5,-18.7211,-5069.87
413.3,6.09164,43150.3,-17505.4,32433.5,3214.98,-22.7516,-5183.36
413.4,6.07627,43401.2,-18490.6,30244.9,3211.31,46.8339,-5221.88
413.5,6.08273,43597.7,-18011.6,26921.1,3207.48,86.5896,-5146.2
413.6,6.09203,43618.9,-17416.5,24429.4,3203.92,67.6534,-5074.99
413.7,6.0752,43482.8,-16330.6,23513.3,3191.52,17.7426,-5085.35
413.8,6.05076,43475.4,-13894.8,22478.9,3211.09,-48.7514,-5080.96
413.9,6.05962,43678.9,-9249.53,19986.9,3252.08,-77.6266,-5014.67
414.0,6.10351,43863.5,-5464.86,16840.7,3292.3,28.7798,-4926.88
414.1,6.16016,43882.0,-4763.08,14139.1,3361.17,138.216,-4949.28
414.2,6.20227,43691.1,-6128.58,14027.3,3374.53,167.21,-5045.58
414.3,6.21116,43418.3,-7782.73,16535.1,3373.47,95.3214,-5061.6
414.4,6.203,43293.3,-8495.99,19436.1,3361.73,-0.595,-5031.23
414.5,6.21121,43355.6,-8437.78,20957.8,3372.38,-40.1377,-5062.44
414.6,6.22843,43380.9,-10058.9,20469.3,3386.72,-38.4767,-5107.86
414.7,6.23357,43278.9,-10974.0,19634.0,3373.04,5.073,-5150.54
414.8,6.20991,43065.8,-10888.4,20079.7,3361.88,11.4633,-5129.4
414.9,6.16395,42949.4,-9941.13,22058.2,3320.94,-16.7595,-5059.95
415.0,6.13434,43063.0,-9715.49,24700.6,3328.47,-17.14,-5019.34
415.1,6.1321,43220.2,-11636.1,26191.6,3354.61,-7.7995,-4995.85
415.2,6.14333,43316.4,-12512.7,26582.5,3384.83,56.6102,-5032.81
415.3,6.15044,43245.3,-13049.5,27044.3,3408.5,111.264,-5025.86
415.4,6.13388,43119.2,-15157.0,28360.2,3416.01,83.1875,-5018.15
415.5,6.12575,43180.1,-17835.6,30948.1,3410.09,19.1615,-5164.81
415.6,6.1529,43357.5,-20228.1,34253.8,3413.78,-29.3966,-5329.21
415.7,6.20808,43480.4,-19527.7,37340.9,3414.98,-44.4257,-5333.89
415.8,6.26589,43375.9,-18506.3,39987.6,3388.69,-25.7801,-5179.94
415.9,6.28556,43066.9,-19650.9,41852.9,3380.9,-33.6323,-5088.84
416.0,6.27618,42854.8,-23377.7,42483.5,3374.49,-41.5698,-5090.29
416.1,6.27463,42856.9,-26552.6,41663.0,3361.28,-37.6234,-5041.63
416.2,6.29062,42930.0,-27266.8,39400.5,3332.19,-27.884,-4929.13
416.3,6.30915,42910.8,-28636.8,35977.2,3295.4,0.178875,-4896.85
416.4,6.30874,42728.3,-30827.4,32339.7,3298.93,40.4759,-5103.54
416.5,6.27308,42484.0,-33293.5,29054.2,3316.2,85.9459,-5300.39
416.6,6.22593,42429.2,-32859.6,25505.4,3340.5,80.846,-5321.93
416.7,6.2005,42569.0,-28748.8,21929.6,3323.24,86.7019,-5225.81
416.8,6.20137,42744.2,-24862.3,18106.6,3328.65,95.2445,-5084.1
416.9,6.22243,42849.0,-23352.9,14547.3,3367.38,104.298,-4979.77
417.0,6.2506,42794.8,-23044.7,13529.1,3386.44,135.689,-4909.82
417.1,6.25851,42608.0,-21448.4,14729.4,3396.28,43.1628,-4849.41
417.2,6.26131,42550.7,-18183.4,16480.9,3385.82,-95.132,-4804.66
417.3,6.28755,42619.5,-16861.9,17645.2,3393.12,-97.4928,-4813.65
417.4,6.32366,42638.2,-17944.1,16918.8,3384.43,-1.7775,-4968.34
417.5,6.36239,42604.5,-20547.8,14391.4,3383.32,82.412,-5131.9
417.6,6.39549,42441.0,-21284.4,12810.0,3365.42,138.493,-5165.09
417.7,6.39819,42216.5,-20077.1,12981.2,3350.08,131.36,-5078.4
417.8,6.39374,42116.1,-18755.8,14212.0,3317.59,57.7438,-5031.91
417.9,6.39756,42104.6,-17908.1,16997.0,3332.16,28.2967,-5085.4
418.0,6.38816,42025.5,-16022.1,19315.9,3343.47,-12.7245,-5089.53
418.1,6.37217,41979.5,-12931.4,20485.8,3341.36,-29.2571,-4984.0
418.2,6.34758,41893.3,-10041.7,21542.9,3312.31,5.87337,-4893.01
418.3,6.31004,41882.2,-11839.7,22213.2,3341.88,34.6483,-4894.0
418.4,6.30485,42032.1,-15681.5,22993.4,3358.62,51.4793,-5023.3
418.5,6.31846,42093.9,-18386.5,24590.1,3313.73,69.5953,-5109.82
418.6,6.32517,42058.1,-19233.9,25635.8,3269.38,64.9767,-5080.01
418.7,6.34023,42030.5,-19603.0,26409.9,3235.37,81.5628,-5088.71
418.8,6.35203,41972.7,-21356.7,27396.1,3247.62,103.077,-5201.15
418.9,6.3683,41986.3,-23261.4,28566.3,3246.71,96.9621,-5270.76
419.0,6.40268,42023.5,-24388.2,29988.1,3295.06,50.2994,-5176.0
419.1,6.42868,41939.3,-24738.4,30686.6,3298.36,14.5324,-5040.62
419.2,6.44402,41853.6,-25535.5,29720.6,3288.19,36.9655,-4989.81
419.3,6.46103,41766.8,-28089.9,28222.6,3276.91,93.7653,-4959.1
419.4,6.46532,41676.4,-29804.9,26824.0,3244.96,96.5518,-4946.25
419.5,6.47406,41654.9,-30577.0,26399.3,3239.92,85.694,-4979.98
419.6,6.4739,41526.6,-32695.1,26518.1,3204.91,52.1895,-5043.83
419.7,6.44718,41411.2,-34398.2,26063.0,3186.14,56.951,-5210.69
419.8,6.41618,41370.1,-33887.0,24587.2,3153.76,97.298,-5322.14
419.9,6.38089,41374.2,-31117.2,22273.1,3119.72,115.74,-5232.4
420.0,6.3557,41499.3,-26016.3,19113.9,3091.3,96.3903,-5105.45
420.1,6.36838,41685.7,-22353.9,17475.8,3112.63,123.838,-5007.27
420.2,6.385,41657.7,-19013.9,17270.4,3096.19,62.5086,-4935.08
420.3,6.39543,41629.3,-14419.5,17172.2,3108.05,-63.3737,-4859.23
420.4,6.41549,41583.6,-10371.4,17144.8,3105.36,-91.0061,-4768.82
420.5,6.42179,41509.4,-9431.68,15873.6,3085.93,-49.5923,-4799.09
420.6,6.43576,41581.0,-12145.3,12269.7,3070.53,4.12725,-4992.37
420.7,6.47674,41643.4,-14941.9,9124.31,3059.51,122.979,-5187.24
420.8,6.5045,41549.5,-15244.3,7427.92,3050.81,188.556,-5194.62
420.9,6.52103,41440.9,-13893.9,6959.27,3019.36,144.107,-5093.72
421.0,6.53011,41284.4,-13074.1,8958.33,3019.91,84.9596,-5082.0
421.1,6.50807,41130.3,-14068.8,11835.3,3030.32,16.0296,-5092.75
421.2,6.49398,41183.2,-14330.8,14601.0,3047.45,-50.0229,-5024.93
421.3,6.4904,41206.2,-11835.0,18181.6,3074.58,-90.9069,-4937.75
421.4,6.47077,41166.8,-10761.1,22006.3,3079.92,-106.18,-4858.22
421.5,6.45098,41163.2,-11600.2,24834.3,3075.44,-132.074,-4941.09
421.6,6.42979,41144.9,-13285.2,26601.2,3066.02,-101.071,-5088.09
421.7,6.41048,41203.8,-13567.2,26447.5,3029.89,-11.834,-5122.12
421.8,6.42363,41351.3,-13426.8,25714.6,3003.28,87.466,-5070.85
421.9,6.44544,41350.5,-14947.0,25943.4,2958.94,93.4987,-5101.06
422.0,6.45764,41298.4,-17333.2,26915.3,2946.04,8.59975,-5221.53
422.1,6.47218,41241.6,-18016.2,28924.5,2892.23,-42.4888,-5239.57
422.2,6.4686,41152.3,-17553.9,30781.3,2875.98,-91.2425,-5098.95
422.3,6.47442,41240.4,-17240.3,31112.8,2892.77,-131.765,-5019.31
422.4,6.50686,41350.0,-19457.2,31169.6,2893.05,-85.04,-5053.82
422.5,6.53201,41291.8,-21028.8,31445.9,2899.31,-14.491,-5090.99
422.6,6.5497,41216.9,-20600.8,31766.0,2911.32,-4.00025,-5023.45
422.7,6.55992,41093.1,-19676.9,33020.7,2903.1,-0.105687,-4956.11
422.8,6.54727,40943.7,-19892.9,34818.3,2874.15,15.1028,-5063.21
422.9,6.52714,40919.1,-20406.8,35857.3,2854.58,-1.27988,-5230.15
423.0,6.51182,40920.2,-19281.1,35961.8,2834.47,-45.169,-5242.62
423.1,6.48518,40902.5,-17199.9,34519.2,2825.47,-86.0542,-5127.23
423.2,6.46422,40952.4,-15327.8,31714.9,2823.05,-74.4026,-5086.29
423.3,6.45801,41009.3,-14238.4,29186.8,2856.97,-46.2595,-5082.52
423.4,6.45475,41041.0,-12492.8,27195.2,2886.44,-73.0221,-4977.26
423.5,6.46493,41084.8,-9740.26,25415.7,2892.93,-126.002,-4838.22
423.6,6.47883,41076.9,-8347.15,23685.6,2877.35,-112.969,-4807.95
423.7,6.48448,41054.5,-8220.24,20728.0,2885.08,-56.2949,-4938.31
423.8,6.50344,41107.9,-7929.63,17951.9,2913.65,55.5228,-5075.75
423.9,6.52508,41094.9,-8538.13,17410.0,2938.13,132.476,-5077.29
424.0,6.53145,41038.3,-9137.45,18884.5,2937.61,77.381,-5117.16
424.1,6.54487,41037.7,-10700.3,22128.6,2952.49,-6.949,-5194.62
424.2,6.55527,40982.6,-12155.3,26098.4,2959.44,-63.2923,-5181.14
424.3,6.55974,40954.8,-11545.2,28592.5,2985.6,-140.434,-5092.45
424.4,6.57251,40933.6,-11609.2,30338.2,2993.34,-169.604,-4964.64
424.5,6.56622,40810.2,-13785.3,31428.4,3030.78,-189.389,-4953.34
424.6,6.54953,40773.4,-15797.7,31500.2,3045.18,-174.532,-5076.96
424.7,6.54162,40789.6,-15844.6,31370.2,3021.31,-81.394,-5135.35
424.8,6.5232,40740.2,-14623.6,30649.5,3024.26,11.4445,-5081.52
424.9,6.50912,40800.0,-13139.5,29053.7,3033.09,90.1277,-5122.65
425.0,6.50547,40783.2,-13608.1,27898.8,2969.98,152.982,-5189.4
425.1,6.48457,40737.7,-15052.0,27502.8,2930.59,150.73,-5156.05
425.2,6.48002,40843.3,-14614.0,28124.5,2908.69,79.7751,-5086.13
425.3,6.49452,40908.0,-15089.3,29580.0,2857.16,-59.953,-4984.73
425.4,6.50641,40950.2,-16344.1,30827.6,2821.45,-151.213,-5004.17
425.5,6.53185,40984.5,-17539.1,30410.3,2817.36,-186.556,-5070.39
425.6,6.55737,40962.9,-17382.2,29119.8,2848.51,-113.015,-5068.94
425.7,6.57319,40895.2,-15414.3,27569.3,2850.16,19.3389,-5030.84
425.8,6.59206,40862.1,-14708.5,27428.4,2855.53,138.128,-5013.7
425.9,6.59867,40810.6,-14509.5,28689.3,2852.37,162.783,-5080.18
426.0,6.59866,40813.4,-13291.7,30515.5,2833.98,144.523,-5092.24
426.1,6.59215,40775.4,-11622.8,31914.4,2831.93,89.1052,-4978.85
426.2,6.56981,40736.0,-11013.8,31912.6,2840.51,-6.2185,-4912.62
426.3,6.55063,40761.6,-11740.7,30703.0,2834.99,-99.5505,-5017.12
426.4,6.53616,40772.6,-12088.4,29134.6,2840.11,-161.029,-5125.67
426.5,6.52561,40793.1,-11017.5,27028.5,2853.37,-181.404,-5072.36
426.6,6.52832,40824.9,-9561.67,24888.0,2827.39,-118.912,-4994.78
426.7,6.52645,40784.0,-9270.76,22826.2,2801.42,-22.6882,-5039.01
426.8,6.51848,40790.9,-10486.5,20387.4,2802.04,73.9287,-5066.66
426.9,6.52702,40849.0,-11442.7,19246.7,2834.02,194.786,-4995.19
427.0,6.531,40796.9,-12389.8,19197.0,2861.37,191.862,-4941.33
427.1,6.53268,40826.0,-14123.2,19497.0,2909.27,80.7591,-5015.83
427.2,6.54336,40838.3,-15828.4,19651.8,2945.59,-27.0391,-5142.22
427.3,6.55096,40829.8,-16298.0,19886.8,2935.83,-39.9853,-5178.82
427.4,6.56878,40880.5,-15723.6,19795.4,2907.62,-73.1671,-5164.42
427.5,6.6065,40933.3,-16202.9,20658.7,2924.14,-111.109,-5184.63
427.6,6.63823,40877.4,-18186.4,22469.5,2946.83,-114.742,-5187.05
427.7,6.6399,40770.7,-17935.0,23476.5,2892.64,-92.7702,-5162.05
427.8,6.61566,40710.1,-16532.1,23198.3,2860.3,-33.617,-5016.68
427.9,6.57459,40689.7,-14276.6,21098.9,2838.33,24.1646,-4915.08
428.0,6.54779,40770.3,-12792.8,17720.2,2800.92,79.2824,-4930.48
428.1,6.5446,40820.1,-12366.0,14889.5,2801.45,106.519,-4989.08
428.2,6.53534,40764.4,-10991.2,13017.2,2746.49,52.4543,-5023.77
428.3,6.52349,40778.2,-9583.19,12688.4,2676.64,-10.0122,-5010.89
428.4,6.51912,40796.2,-9955.14,14415.0,2640.9,-41.1125,-5021.83
428.5,6.51857,40815.1,-11499.2,16194.0,2595.77,-115.533,-5098.42
428.6,6.54569,40925.2,-12057.0,17379.5,2611.85,-152.54,-5151.71
428.7,6.58388,40903.5,-9737.06,18355.6,2656.89,-109.054,-5107.41
428.8,6.60209,40837.4,-6919.69,18779.8,2705.0,-52.6543,-4992.76
428.9,6.61676,40855.0,-5952.11,20536.7,2745.7,22.9605,-4974.83
429.0,6.6218,40796.7,-6845.06,24243.7,2755.92,22.1437,-5048.89
429.1,6.62662,40849.7,-6779.52,28017.3,2770.38,-69.434,-5083.65
429.2,6.65074,40885.5,-4823.56,29870.2,2715.58,-177.583,-5012.63
429.3,6.65765,40793.9,-2994.5,28919.9,2662.29,-185.488,-4974.29
429.4,6.64364,40747.8,-3781.45,25865.5,2585.64,-112.946,-5044.04
429.5,6.61919,40729.7,-6424.19,23028.7,2577.65,-91.9248,-5163.81
429.6,6.59345,40742.9,-7274.22,22359.3,2579.82,-102.501,-5236.62
429.7,6.57645,40767.7,-5584.68,22497.3,2567.27,-153.214,-5193.33
429.8,6.55742,40748.8,-4128.93,21646.1,2566.68,-151.472,-5104.9
429.9,6.53448,40742.7,-4125.48,18936.0,2620.02,-34.0589,-5074.83
430.0,6.51492,40761.6,-3900.92,15280.8,2652.27,97.438,-5065.51
430.1,6.50954,40811.6,-3821.08,12883.2,2667.01,122.188,-4927.07
430.2,6.52603,40895.1,-3665.55,12846.7,2689.5,32.7329,-4829.17
430.3,6.56679,40937.7,-6215.53,14734.8,2674.61,-70.1805,-4888.74
430.4,6.60607,40907.4,-9688.32,16865.5,2651.2,-137.782,-5092.88
430.5,6.63607,40878.3,-11389.8,18299.7,2635.5,-139.907,-5211.56
430.6,6.64962,40818.5,-11409.9,19449.9,2613.38,-101.984,-5166.77
430.7,6.64609,40784.6,-11231.5,20113.1,2604.11,-94.4352,-5146.33
430.8,6.6441,40818.0,-10856.4,20070.5,2599.94,-95.243,-5188.65
430.9,6.64967,40830.9,-8952.63,20157.3,2615.67,-26.9918,-5104.98
431.0,6.64183,40761.5,-4929.46,20255.1,2608.25,12.8975,-4883.55
431.1,6.61688,40723.3,-2501.36,20363.0,2609.43,-29.336,-4726.44
431.2,6.58085,40690.6,-2650.95,20854.5,2595.06,-65.5297,-4808.79
431.3,6.53769,40690.3,-3275.15,20825.3,2566.51,-81.9245,-4979.75
431.4,6.51661,40791.8,-3044.03,20463.7,2521.82,-48.7122,-5027.46
431.5,6.51989,40832.8,-3383.02,20770.2,2511.67,-20.8638,-5043.42
431.6,6.52751,40829.7,-6136.29,22111.4,2518.32,-27.2801,-5181.51
431.7,6.53613,40830.8,-9648.79,24045.8,2569.42,-66.4116,-5335.9
431.8,6.54207,40815.8,-9261.7,25754.1,2607.15,-97.5361,-5291.2
431.9,6.55259,40858.1,-4947.51,26422.8,2605.66,-90.8654,-5052.97
432.0,6.58483,40926.6,-1909.67,26603.0,2610.77,-68.1734,-4853.18
432.1,6.62566,40919.0,-1784.96,26723.6,2633.92,-81.667,-4872.07
432.2,6.65598,40880.9,-1584.24,27041.0,2639.94,-82.2129,-4979.4
432.3,6.66323,40779.7,433.523,26916.2,2590.21,-91.0939,-4925.47
432.4,6.64435,40745.2,2525.23,26399.8,2562.13,-45.7227,-4862.07
432.5,6.62426,40746.5,945.179,24849.3,2528.7,-24.1262,-5000.69
432.6,6.60482,40761.5,-2595.99,23375.6,2494.58,9.42575,-5251.6
432.7,6.587,40760.7,-4826.98,22650.0,2495.67,24.1497,-5299.04
432.8,6.55938,40714.6,-4134.46,22455.9,2488.65,-39.2627,-5158.56
432.9,6.52631,40720.4,-3726.59,22283.3,2549.29,-107.878,-5059.82
433.0,6.50556,40768.7,-6010.19,22005.1,2630.1,-98.2302,-5076.32
433.1,6.49617,40795.2,-7167.82,20910.4,2654.95,-77.3808,-5097.09
433.2,6.50665,40871.2,-4374.33,19394.1,2662.72,-54.4663,-4983.94
433.3,6.53434,40893.4,-1327.28,18681.2,2639.49,7.7535,-4822.5
433.4,6.55492,40855.3,-174.7,18857.8,2611.8,51.2,-4907.13
433.5,6.578,40880.1,-2814.51,20496.7,2588.09,68.7878,-5091.47
433.6,6.59902,40848.8,-4563.24,23393.5,2573.92,15.6552,-5200.86
433.7,6.60843,40828.5,-5120.92,25897.4,2545.39,-83.457,-5141.06
433.8,6.61764,40838.3,-4571.58,26628.6,2507.06,-146.0,-5121.98
433.9,6.61926,40788.3,-4227.4,25577.2,2478.1,-136.677,-5158.32
434.0,6.6111,40797.5,-2881.29,23887.6,2483.07,-75.3346,-5111.11
434.1,6.6119,40810.5,-59.5731,23764.3,2477.75,-33.5529,-4954.01
434.2,6.59954,40749.8,1899.36,25736.1,2476.88,-56.9876,-4831.64
434.3,6.57643,40744.6,1059.07,27303.3,2510.38,-121.058,-4852.51
434.4,6.55677,40754.2,-458.416,26999.3,2550.23,-97.9082,-4964.32
434.5,6.53581,40750.6,-2151.83,25422.6,2556.83,43.8883,-4983.46
434.6,6.52014,40781.6,-4039.34,23787.9,2575.46,89.2107,-4986.78
434.7,6.52305,40843.1,-7753.6,24337.1,2610.45,11.2131,-5098.53
434.8,6.53414,40840.2,-11433.0,27014.3,2628.73,-112.093,-5271.05
434.9,6.54608,40852.4,-12065.2,29632.1,2604.94,-191.237,-5293.54
435.0,6.56712,40869.5,-10112.8,30685.9,2581.54,-214.218,-5135.54
435.1,6.58632,40854.9,-8570.85,30167.3,2571.98,-178.895,-5001.87
435.2,6.60691,40870.5,-8662.46,29068.1,2584.62,-107.189,-5002.76
435.3,6.62727,40849.6,-8389.19,29028.0,2587.11,-51.844,-5011.55
435.4,6.6309,40798.5,-6709.73,29756.2,2597.3,-79.4348,-4931.97
435.5,6.62586,40790.8,-5423.63,30157.8,2626.05,-122.391,-4909.57
435.6,6.60932,40735.5,-5874.08,28923.1,2614.39,-132.007,-5071.35
435.7,6.58205,40733.0,-7574.29,25683.3,2604.57,-91.0048,-5238.58
435.8,6.56802,40797.1,-9110.1,21518.9,2617.72,-56.9338,-5221.84
435.9,6.56656,40813.9,-8848.02,18009.7,2599.97,-66.673,-5152.65
436.0,6.56811,40816.0,-8416.18,15770.1,2583.6,-110.244,-5134.18
436.1,6.56923,40812.8,-7569.11,14220.3,2603.12,-159.512,-5130.45
436.2,6.56635,40793.4,-5064.79,12578.1,2621.78,-159.774,-5042.52
436.3,6.5621,40804.0,-1954.83,10478.3,2623.13,-93.6127,-4896.41
436.4,6.56781,40838.1,192.272,9431.13,2613.65,17.7249,-4864.14
436.5,6.58335,40863.3,1747.25,10846.5,2606.25,59.3386,-4967.07
436.6,6.60336,40864.4,2745.69,14755.5,2582.3,-7.22278,-5019.61
436.7,6.61968,40840.3,4099.98,20349.6,2541.51,-92.6272,-5011.2
436.8,6.6228,40800.8,4157.59,25440.5,2505.15,-167.895,-5027.79
436.9,6.62232,40809.4,3719.6,27601.7,2474.5,-249.618,-5109.3
437.0,6.6333,40858.6,4126.77,27911.1,2462.86,-213.18,-5135.72
437.1,6.64504,40821.6,5213.39,28041.6,2435.16,-138.393,-5029.71
437.2,6.6447,40807.4,5596.06,29821.6,2429.09,-96.4509,-4955.53
437.3,6.64219,40782.0,4207.77,33621.2,2445.68,-129.823,-5005.05
437.4,6.61896,40719.6,1493.41,37231.7,2493.23,-183.13,-5050.93
437.5,6.5907,40744.4,446.652,37822.3,2521.14,-164.24,-5032.85
437.6,6.57312,40770.1,-123.467,34438.7,2541.23,-100.276,-4962.22
437.7,6.57036,40832.0,-2091.6,29788.7,2569.25,6.65125,-4977.26
437.8,6.58865,40882.6,-4897.08,26576.0,2566.21,9.6475,-5091.92
437.9,6.61475,40877.8,-7219.56,27381.0,2563.47,-67.1292,-5171.06
438.0,6.62685,40820.1,-7570.69,30619.7,2561.59,-199.666,-5174.15
438.1,6.62631,40794.6,-7989.65,32803.8,2558.18,-281.688,-5130.85
438.2,6.62355,40796.2,-9229.52,32435.6,2572.52,-204.683,-5140.06
438.3,6.61876,40799.2,-9471.38,29282.0,2563.06,-69.926,-5149.09
438.4,6.62203,40832.9,-7566.05,25517.5,2545.83,25.2984,-5043.1
438.5,6.62964,40829.6,-5281.04,23721.5,2522.01,43.9316,-4890.87
438.6,6.63005,40796.9,-5511.9,23593.7,2511.03,-32.2311,-4893.29
438.7,6.63139,40817.7,-6380.02,24199.7,2496.75,-101.743,-5087.63
438.8,6.62619,40769.4,-6176.53,24125.6,2437.63,-122.528,-5179.33
438.9,6.60811,40750.4,-4663.63,21880.2,2412.38,-132.082,-5098.53
439.0,6.59358,40787.6,-2856.13,17342.7,2420.27,-115.338,-5090.63
439.1,6.59441,40820.2,-3303.59,12731.8,2439.38,-18.9063,-5137.65
439.2,6.60006,40837.8,-3960.15,10005.1,2444.89,67.6811,-5115.22
439.3,6.61208,40850.3,-2654.82,10240.5,2462.95,52.3723,-4978.25
439.4,6.62201,40825.7,464.099,13785.7,2464.12,-6.65037,-4881.05
439.5,6.61372,40763.5,2189.63,18164.4,2430.74,-78.6779,-4863.72
439.6,6.60153,40781.5,2505.08,21163.3,2381.19,-120.425,-4926.24
439.7,6.60152,40819.3,2438.84,23211.6,2336.74,-66.107,-4979.74
439.8,6.6083,40838.8,3066.41,24854.7,2287.47,-37.1572,-5016.38
439.9,6.62578,40870.1,4638.19,27016.1,2258.31,-77.959,-5095.71
440.0,6.6374,40808.2,6160.99,29534.2,2223.81,-160.399,-5149.65
440.1,6.62553,40760.0,7197.62,31422.2,2214.04,-162.877,-5135.82
440.2,6.61192,40768.3,7979.11,32131.1,2240.28,-114.521,-5090.11
440.3,6.60479,40809.5,5568.49,32833.5,2316.25,-45.2445,-4981.39
440.4,6.61029,40836.1,2821.86,34345.6,2381.33,-25.3312,-4979.24
440.5,6.61223,40800.0,-928.012,36050.1,2443.55,-101.923,-4977.74
440.6,6.60007,40761.0,-3101.61,36284.9,2476.93,-172.773,-4995.16
440.7,6.5845,40764.7,-4972.51,33962.5,2485.99,-152.365,-5015.49
440.8,6.57928,40819.7,-6772.1,30133.5,2461.38,-34.2588,-5093.74
440.9,6.60067,40905.0,-8377.43,27791.7,2420.49,94.6076,-5201.02
441.0,6.63075,40885.5,-10234.7,29327.0,2369.95,116.802,-5231.36
441.1,6.63884,40797.0,-11744.3,33324.1,2342.51,-16.4741,-5198.85
441.2,6.6241,40739.6,-12995.6,36995.6,2346.49,-129.069,-5158.42
441.3,6.59728,40720.3,-14030.8,37414.7,2370.12,-136.413,-5095.74
441.4,6.57752,40780.0,-15595.6,33967.3,2421.99,-90.8428,-4986.33
441.5,6.59136,40899.1,-15962.5,30170.1,2466.71,4.13037,-4949.39
441.6,6.61708,40869.3,-16021.2,28091.3,2466.37,-23.3156,-4968.83
441.7,6.63029,40833.2,-14917.5,27843.4,2433.65,-116.824,-5028.42
441.8,6.63306,40793.7,-12548.6,28112.5,2368.74,-148.018,-5083.64
441.9,6.61555,40738.0,-10965.8,26767.3,2302.32,-91.0361,-5081.35
442.0,6.60297,40799.3,-9649.44,23190.5,2247.53,3.108,-5092.91
442.1,6.6063,40821.0,-9529.62,19142.1,2213.41,47.643,-5063.78
442.2,6.60553,40805.9,-9718.29,17289.8,2211.58,67.4463,-4998.09
442.3,6.59803,40779.9,-9947.67,17471.9,2233.94,-37.3128,-4933.81
442.4,6.58761,40775.7,-9611.86,19333.2,2260.22,-164.936,-4934.26
442.5,6.57674,40783.2,-8349.49,21637.2,2221.99,-211.443,-4962.52
442.6,6.57368,40807.8,-6928.87,22887.7,2178.5,-206.62,-4935.81
442.7,6.58484,40864.0,-5478.07,23645.6,2129.31,-140.675,-4919.77
442.8,6.59916,40836.3,-4227.47,24645.6,2101.34,-76.1633,-4981.92
442.9,6.6053,40808.3,-3837.07,26937.9,2096.28,-29.4129,-5030.89
443.0,6.5937,40759.4,-1812.19,29173.9,2091.13,-84.6937,-5072.95
443.1,6.57598,40754.3,215.165,31013.4,2100.76,-102.442,-5035.92
443.2,6.55726,40762.0,314.53,31307.8,2146.57,-88.7346,-4962.93
443.3,6.54946,40808.3,-1451.64,30229.1,2178.63,-84.1756,-4947.62
443.4,6.55462,40837.2,-2869.82,29434.7,2212.78,-86.5898,-4986.86
443.5,6.56015,40803.7,-2029.22,29503.1,2210.55,-145.308,-4965.88
443.6,6.5599,40816.1,-17.1086,30032.2,2198.67,-202.92,-4894.11
443.7,6.56062,40801.0,176.176,30030.6,2188.0,-204.756,-4889.92
443.8,6.55218,40781.5,-1377.67,28684.6,2192.04,-123.164,-5008.6
443.9,6.55188,40819.8,-4092.19,26950.6,2163.86,24.6152,-5047.81
444.0,6.54772,40780.9,-5808.23,26436.7,2136.9,98.8146,-4980.03
444.1,6.53433,40768.7,-6844.74,27696.5,2143.11,67.6121,-4939.92
444.2,6.52395,40780.5,-9400.76,29645.1,2175.29,-59.7653,-4951.99
444.3,6.51193,40769.3,-12623.3,30808.0,2202.1,-167.141,-4997.77
444.4,6.50283,40799.5,-14987.2,30259.0,2199.25,-184.676,-5006.58
444.5,6.50801,40831.7,-15259.8,28811.9,2183.91,-168.547,-4994.43
444.6,6.51889,40878.5,-16093.3,27966.8,2175.43,-158.605,-4976.05
444.7,6.53457,40902.7,-17565.4,28123.4,2174.38,-153.96,-5036.7
444.8,6.54581,40872.8,-18946.3,29343.0,2193.38,-108.252,-5131.41
444.9,6.54127,40795.3,-20198.3,30126.5,2225.68,-44.4455,-5112.86
445.0,6.52631,40756.8,-19880.5,29430.2,2226.36,-2.487,-5065.66
445.1,6.50026,40740.2,-19550.7,26757.6,2169.14,-0.4815,-5031.12
445.2,6.47864,40832.4,-19264.0,23897.8,2111.96,43.1736,-5029.62
445.3,6.4722,40961.5,-19555.6,22217.6,2075.23,30.9743,-5007.17
445.4,6.47517,41032.4,-20749.2,22512.6,2018.85,-73.2964,-4989.25
445.5,6.47162,41028.3,-22003.9,24005.6,1986.7,-193.275,-5050.81
445.6,6.4597,41009.0,-21012.2,24998.7,1953.37,-227.341,-5145.52
445.7,6.4487,41082.6,-18033.8,24547.1,1961.5,-154.631,-5118.52
445.8,6.44535,41171.7,-14242.0,23149.8,1951.47,-35.5571,-5015.48
445.9,6.44024,41224.5,-11690.3,22274.9,1928.08,59.5661,-4962.01
446.0,6.4322,41258.8,-10634.1,22015.1,1937.69,50.3052,-4958.84
446.1,6.42897,41309.0,-9006.2,22336.2,1959.52,7.0545,-4931.7
446.2,6.42906,41323.8,-8001.61,22588.6,1974.92,-33.5315,-4829.45
446.3,6.42115,41307.8,-7469.38,21571.8,1967.96,-115.442,-4841.04
446.4,6.41843,41370.5,-7628.88,20215.5,1948.28,-134.515,-4969.42
446.5,6.41846,41398.2,-6657.34,19243.4,1919.33,-122.978,-5059.91
446.6,6.4183,41455.2,-4240.71,19188.4,1889.85,-112.17,-5029.62
446.7,6.42077,41489.8,-2598.59,19947.4,1874.39,-117.067,-4962.5
446.8,6.41143,41455.6,-2675.33,20958.3,1902.03,-92.776,-4978.02
446.9,6.38737,41445.6,-4671.97,21243.1,1955.74,-41.1328,-4963.29
447.0,6.36005,41479.1,-7275.21,20900.3,1966.03,-6.362,-4852.42
447.1,6.32889,41552.3,-9204.86,20208.1,1955.36,-31.3625,-4800.3
447.2,6.30629,41705.9,-11477.5,18602.0,1932.21,-108.428,-4849.1
447.3,6.30798,41895.7,-13852.3,16609.6,1938.3,-142.852,-4960.9
447.4,6.31792,41987.5,-16037.1,14300.9,1946.4,-124.84,-5041.57
447.5,6.32942,42018.3,-17784.1,12349.9,1949.47,-78.1913,-5089.23
447.6,6.33612,41993.0,-18008.7,12248.4,1962.62,-20.5639,-5152.74
447.7,6.32842,41956.6,-17107.2,13594.4,1946.32,-27.4816,-5143.48
447.8,6.32311,42026.4,-15550.9,15308.0,1946.54,-65.9894,-5029.69
447.9,6.3257,42093.5,-13761.0,16447.6,1980.41,-89.251,-4925.81
448.0,6.32303,42114.1,-12209.7,15957.0,2025.83,-84.0561,-4887.06
448.1,6.31876,42109.2,-9351.04,14951.5,2033.25,-59.2122,-4892.67
448.2,6.2984,42053.5,-7187.86,15107.5,1987.8,-65.4422,-4841.33
448.3,6.27259,42113.1,-6689.53,16832.1,1940.09,-111.818,-4866.14
448.4,6.26694,42268.0,-8024.75,19953.6,1883.12,-149.721,-5007.06
448.5,6.26573,42361.0,-10290.2,22567.9,1863.3,-188.344,-5124.98
448.6,6.25465,42398.8,-11054.5,22815.2,1864.91,-181.527,-5131.87
448.7,6.23181,42385.5,-11608.1,20803.3,1894.76,-125.156,-5048.97
448.8,6.19268,42413.3,-11458.5,17826.7,1908.99,-55.3,-5040.02
448.9,6.17118,42620.4,-11598.8,15473.6,1959.68,-31.3144,-5028.48
449.0,6.18146,42846.4,-9870.53,15544.4,2003.15,-42.8618,-4974.25
449.1,6.19981,42918.6,-7489.19,16792.3,2025.12,-122.756,-4875.53
449.2,6.21149,42894.6,-4867.68,17106.2,2069.54,-200.202,-4873.85
449.3,6.21204,42793.9,-4122.99,16479.0,2074.82,-141.126,-4902.92
449.4,6.19772,42765.7,-4590.57,15416.3,2070.32,-54.9785,-4927.06
449.5,6.1946,42897.1,-6037.29,14802.6,2056.56,-55.7225,-4935.19
449.6,6.21499,43034.9,-7942.43,16334.9,2067.08,-87.3077,-4972.18
449.7,6.21976,42997.6,-9609.74,18295.8,2102.89,-157.193,-5032.88
449.8,6.20372,42899.6,-9938.82,18465.8,2112.21,-188.486,-5064.65
449.9,6.17317,42842.3,-8947.49,16928.4,2168.21,-129.926,-5014.56
450.0,6.13781,42908.4,-7743.79,14586.9,2191.17,-34.7868,-4913.93
450.1,6.12915,43139.1,-7166.44,13027.0,2217.03,-11.6868,-4861.01
450.2,6.14026,43273.8,-7416.74,13790.6,2200.23,-55.7905,-4832.91
450.3,6.13505,43254.0,-9108.34,15225.1,2211.66,-138.804,-4789.08
450.4,6.11668,43203.5,-10793.2,15174.4,2194.21,-179.018,-4808.53
450.5,6.0884,43212.1,-12375.5,13211.4,2181.57,-133.266,-4885.53
450.6,6.07079,43383.5,-14089.3,10295.2,2177.49,-20.5181,-4930.65
450.7,6.09014,43624.6,-15448.6,8787.45,2174.22,56.7985,-4955.26
450.8,6.11891,43683.8,-16772.5,10129.8,2156.66,25.8758,-4971.01
450.9,6.13266,43598.3,-17938.4,13095.1,2165.75,-71.6284,-4977.86
451.0,6.1266,43448.1,-17373.4,14895.7,2164.58,-193.732,-4947.33
451.1,6.10419,43407.3,-15127.5,13813.5,2148.95,-216.711,-4864.17
451.2,6.09702,43555.5,-11827.7,10640.8,2145.47,-124.276,-4802.85
451.3,6.11159,43712.2,-9949.89,8141.81,2160.99,-40.9757,-4798.95
451.4,6.1226,43737.4,-9178.27,8070.38,2185.74,-47.7779,-4876.12
451.5,6.11795,43637.1,-9003.43,10226.1,2211.38,-97.874,-4951.7
451.6,6.08487,43514.8,-7161.94,13024.5,2218.88,-94.3982,-5008.67
451.7,6.04329,43543.0,-4889.93,14487.2,2204.07,-58.5423,-4996.08
451.8,6.01974,43731.3,-3994.59,14321.3,2204.03,-59.5508,-4955.55
451.9,6.01612,43943.7,-6109.39,13812.9,2233.61,-65.4183,-4946.69
452.0,6.01914,44022.0,-8124.09,13358.7,2239.67,-115.881,-5009.65
452.1,6.01123,44000.3,-8608.57,13310.0,2218.57,-161.758,-5023.14
452.2,5.99926,44006.6,-6998.48,13350.6,2221.3,-174.98,-4995.07
452.3,5.9945,44090.6,-5158.73,12798.4,2242.81,-146.86,-4998.54
452.4,6.00323,44202.4,-5403.34,11130.9,2256.05,-82.9466,-5026.9
452.5,6.01661,44273.7,-6600.93,9591.38,2269.5,44.9753,-5057.13
452.6,6.02295,44245.3,-7610.3,9269.46,2269.24,139.38,-5018.88
452.7,6.01609,44207.9,-8481.56,10622.9,2269.49,107.798,-4944.86
452.8,6.00788,44220.0,-10123.2,13418.8,2264.81,8.13606,-4926.45
452.9,5.99853,44262.3,-12099.7,15747.9,2271.07,-101.602,-4985.11
453.0,5.99727,44356.6,-13931.4,16384.2,2298.71,-149.183,-5016.73
453.1,6.00269,44420.6,-13932.1,15756.2,2320.11,-126.566,-5033.59
453.2,5.99818,44382.9,-12959.3,15062.0,2306.82,-69.401,-5029.16
453.3,5.98892,44375.2,-11943.3,15870.2,2306.82,-11.4974,-5033.8
453.4,5.97728,44387.5,-11146.0,17675.1,2298.49,-10.9555,-5015.89
453.5,5.96706,44420.7,-11054.4,19404.7,2285.24,-14.1331,-4948.18
453.6,5.95146,44442.7,-12298.3,19746.2,2296.05,7.80625,-4875.44
453.7,5.93176,44472.2,-14954.9,18327.7,2311.94,32.5229,-4870.72
453.8,5.91657,44561.2,-18096.4,16598.3,2328.26,46.8985,-4932.34
453.9,5.90939,44660.0,-20538.4,15362.2,2335.33,-21.0578,-4986.31
454.0,5.9116,44772.2,-21952.5,14398.0,2297.38,-124.748,-5012.49
454.1,5.92528,44869.4,-22444.9,13556.6,2244.0,-142.503,-5057.5
454.2,5.93396,44869.3,-21468.6,11634.4,2177.09,-106.968,-5116.98
454.3,5.93842,44878.8,-19707.1,8822.62,2128.26,-38.5925,-5077.97
454.4,5.94065,44887.5,-17124.2,6290.93,2129.05,27.898,-4971.79
454.5,5.93588,44885.8,-13808.2,4939.46,2140.95,58.3865,-4922.33
454.6,5.92676,44909.0,-11266.1,5021.01,2182.06,34.3675,-4901.88
454.7,5.91127,44904.4,-9579.38,5745.14,2221.33,-47.6353,-4887.5
454.8,5.8866,44930.3,-7253.25,5625.55,2256.2,-127.002,-4926.33
454.9,5.87054,45021.4,-4183.23,4195.54,2244.87,-134.39,-4962.51
455.0,5.86471,45054.0,-2139.48,2430.25,2209.18,-103.578,-4940.89
455.1,5.86668,45088.5,-1027.76,1667.05,2177.32,-90.8756,-4961.69
455.2,5.87437,45077.6,-1418.45,2338.49,2158.0,-129.632,-4996.01
455.3,5.86887,45023.6,-2283.19,4102.39,2143.4,-141.399,-5015.52
455.4,5.84741,44989.3,-2918.09,5300.14,2159.07,-128.635,-4995.94
455.5,5.82268,45000.7,-2860.78,5128.93,2198.11,-88.2515,-4972.98
455.6,5.80987,45037.6,-3229.36,4313.01,2249.39,-40.8247,-4959.48
455.7,5.80535,45070.0,-3849.76,3779.06,2289.85,-21.567,-4958.8
455.8,5.8135,45099.7,-4760.77,4514.59,2340.64,-40.4043,-4959.65
455.9,5.82186,45079.2,-5669.33,6410.86,2372.81,-102.124,-4976.38
456.0,5.82973,45088.0,-7225.06,8849.96,2389.81,-144.29,-4997.95
456.1,5.84001,45088.4,-8729.01,10702.3,2406.02,-184.683,-5031.06
456.2,5.84576,45074.5,-10630.9,11627.2,2419.58,-180.134,-5044.21
456.3,5.84944,45071.5,-12585.6,12080.4,2459.35,-129.124,-5048.29
456.4,5.84423,45037.1,-14527.9,12195.7,2510.35,-97.8434,-5064.98
456.5,5.83402,45032.6,-15363.8,12744.1,2544.3,-62.5993,-5083.61
456.6,5.8175,45018.8,-13108.9,13112.7,2556.44,-67.9128,-5074.83
456.7,5.80642,45040.6,-9544.58,13770.5,2544.96,-48.8495,-4984.15
456.8,5.79922,45044.4,-6182.0,14508.3,2531.14,-62.2873,-4923.06
456.9,5.78979,45036.8,-6396.08,15289.6,2511.47,-97.8173,-4900.74
457.0,5.7812,45036.9,-9584.28,16134.0,2500.43,-119.709,-4926.12
457.1,5.77077,45030.0,-13017.2,15910.1,2505.84,-165.716,-4963.43
457.2,5.76472,45059.7,-15470.0,14123.1,2502.21,-161.26,-4959.79
457.3,5.76702,45069.2,-16561.8,11077.6,2498.63,-111.363,-4976.37
457.4,5.76769,45070.9,-17292.3,8048.36,2493.67,-23.3324,-5026.62
457.5,5.77386,45086.4,-18105.8,5376.77,2497.7,-7.92238,-5038.64
457.6,5.78405,45097.8,-17435.9,3902.02,2497.79,-15.7475,-5022.38
457.7,5.78964,45065.8,-14959.1,2646.23,2450.26,-39.9626,-4943.86
457.8,5.79269,45075.7,-13153.9,1231.47,2446.77,-51.1003,-4822.87
457.9,5.79923,45087.3,-11398.7,-236.7,2464.23,-64.4217,-4811.71
458.0,5.8048,45075.0,-8415.75,-773.585,2461.51,-62.5045,-4887.17
458.1,5.80392,45049.7,-5484.69,48.4092,2486.11,-90.4075,-4863.93
458.2,5.78915,45009.9,-2311.08,1510.44,2498.0,-157.273,-4859.04
458.3,5.76794,45003.5,-849.825,2234.23,2510.46,-197.364,-4928.9
458.4,5.75411,45040.2,-1235.72,1709.57,2568.61,-154.359,-5001.84
458.5,5.74481,45043.3,-1110.64,-655.937,2607.88,-110.657,-4998.9
458.6,5.74442,45073.6,-26.5963,-2905.89,2629.54,-46.3854,-4921.98
458.7,5.74046,45040.8,1211.27,-3719.67,2643.61,-28.0149,-4880.94
458.8,5.73244,45045.2,2098.22,-2880.51,2659.13,-61.4842,-4923.25
458.9,5.73296,45067.0,1843.21,-1039.15,2660.36,-107.879,-4945.96
459.0,5.73095,45053.5,1647.96,536.48,2666.49,-123.302,-4964.51
459.1,5.72934,45064.2,1904.27,865.503,2653.02,-82.209,-4996.96
459.2,5.73603,45090.5,1466.56,1170.68,2669.62,-2.34025,-5007.66
459.3,5.7413,45074.1,-751.39,2212.03,2685.22,13.5772,-4989.01
459.4,5.75007,45100.6,-3715.2,4612.82,2685.71,-11.7765,-5013.55
459.5,5.76186,45088.4,-5717.18,8298.32,2697.68,-46.1862,-5067.56
459.6,5.76305,45066.1,-6648.55,11650.3,2721.61,-78.8045,-5058.0
459.7,5.77171,45098.7,-6841.39,14256.4,2758.02,-57.742,-5035.66
459.8,5.77463,45054.8,-8021.47,16554.5,2810.45,-15.1783,-5064.08
459.9,5.76279,45028.0,-9803.65,18474.8,2837.92,13.6952,-5121.93
460.0,5.75592,45053.0,-10108.1,20363.6,2848.66,20.7675,-5127.86
460.1,5.75135,45048.6,-8383.02,22526.2,2821.28,15.3955,-5054.48
460.2,5.74903,45070.2,-6451.4,24258.6,2793.14,-15.6985,-4985.54
460.3,5.75525,45084.7,-7762.77,25531.3,2797.41,-59.3606,-4966.83
460.4,5.75324,45042.3,-11053.1,26069.5,2799.92,-88.0368,-5032.16
460.5,5.74349,45030.8,-13718.8,25048.2,2790.25,-98.0471,-5072.8
460.6,5.73501,45037.6,-15908.5,22591.4,2773.53,-87.45,-4987.63
460.7,5.72765,45055.4,-17591.0,18614.7,2780.71,-61.2779,-4961.47
460.8,5.74474,45146.6,-19739.8,14085.3,2828.82,14.8394,-5046.8
460.9,5.7703,45118.2,-21619.6,10204.7,2828.4,75.9287,-5079.89
461.0,5.77548,45054.5,-21132.7,7204.13,2816.0,67.8203,-5026.32
461.1,5.76835,45033.3,-19237.5,4769.89,2792.83,22.3634,-4962.3
461.2,5.75757,45030.1,-18201.9,2937.19,2762.54,-1.17887,-4928.8
461.3,5.75696,45097.0,-17803.5,1480.86,2769.52,-0.9715,-4945.36
461.4,5.77817,45139.1,-15788.9,530.99,2771.61,-35.2762,-4945.12
461.5,5.79712,45104.5,-12923.8,1060.69,2789.53,-49.2617,-4874.71
461.6,5.7973,45043.7,-11004.9,2608.28,2811.7,-66.166,-4827.91
461.7,5.78213,45007.9,-10502.2,3702.47,2812.75,-119.841,-4879.74
461.8,5.77062,45051.1,-10489.2,4041.23,2811.4,-112.202,-4938.89
461.9,5.77544,45098.4,-9124.39,3224.31,2823.29,-70.895,-4912.0
462.0,5.79055,45116.6,-8243.07,1317.47,2857.49,-63.7528,-4847.75
462.1,5.80158,45079.4,-8324.02,-579.764,2896.79,-59.8013,-4908.76
462.2,5.79233,45005.6,-8943.39,-1840.26,2913.2,-49.0633,-5007.19
462.3,5.77518,45021.0,-8745.29,-1837.47,2920.88,-29.344,-4992.9
462.4,5.77349,45081.2,-8310.36,-742.42,2925.55,-57.592,-4899.57
462.5,5.78745,45120.3,-7894.8,759.83,2923.75,-96.8648,-4895.14
462.6,5.80972,45126.8,-9266.52,2678.62,2925.74,-60.8645,-4907.61
462.7,5.81516,45046.5,-11357.4,4439.19,2930.26,-47.1421,-4880.7
462.8,5.80829,45040.6,-13728.0,6442.18,2940.51,-54.7881,-4869.06
462.9,5.80948,45084.3,-16880.5,9223.89,2958.73,-59.8143,-4926.01
463.0,5.82337,45113.2,-21181.0,12809.0,2968.36,-63.984,-5022.68
463.1,5.84017,45118.1,-25383.2,15872.4,2987.13,-109.206,-5101.89
463.2,5.85823,45112.3,-27457.3,18260.7,3027.83,-108.239,-5184.67
463.3,5.86129,45049.8,-27853.1,19141.5,3064.0,-84.9375,-5200.81
463.4,5.8584,45066.1,-27685.5,18817.2,3110.56,-31.5642,-5136.15
463.5,5.86254,45071.2,-29536.8,18098.2,3111.13,-10.8214,-5017.36
463.6,5.86914,45100.4,-32212.3,17811.0,3138.05,6.65656,-4987.0
463.7,5.88486,45115.0,-32591.9,17630.1,3124.29,-9.6005,-5017.26
463.8,5.8961,45077.3,-29921.4,17635.3,3102.45,-26.0754,-4979.99
463.9,5.88769,45020.0,-25817.3,16477.2,3087.16,-60.2286,-4912.45
464.0,5.87942,45047.9,-23610.3,14214.0,3090.73,-42.2965,-4952.25
464.1,5.87395,45049.6,-23633.5,11389.1,3075.32,8.76975,-5057.38
464.2,5.87742,45089.1,-24786.1,8638.44,3083.39,42.2412,-5070.22
464.3,5.8971,45133.4,-25815.8,6364.19,3120.74,21.3115,-4971.08
464.4,5.91703,45109.0,-26573.2,4524.0,3148.27,-6.15425,-4896.16
464.5,5.92733,45081.6,-27898.5,2433.5,3158.51,-7.33225,-4874.07
464.6,5.93276,45075.0,-30208.1,178.784,3177.68,8.8445,-4849.12
464.7,5.94145,45095.5,-31678.6,-1458.24,3182.55,27.7135,-4839.75
464.8,5.95717,45121.5,-32129.9,-2406.61,3173.09,20.7318,-4869.78
464.9,5.9781,45092.0,-31308.0,-2411.11,3135.2,23.806,-4912.4
465.0,5.98953,44945.3,-30512.8,-1482.74,3084.73,44.4977,-4911.15
465.1,5.99036,44804.9,-30983.5,-290.204,3107.99,33.0887,-4919.64
465.2,5.9905,44725.9,-30122.4,871.732,3127.18,1.56562,-4981.25
465.3,5.99019,44661.4,-28088.7,2266.97,3128.2,-2.33525,-4956.86
465.4,5.987,44631.9,-25066.8,3596.69,3140.53,-20.3015,-4864.02
465.5,5.99006,44624.9,-21611.2,4981.8,3100.37,-55.314,-4859.88
465.6,5.99131,44575.7,-20915.3,5907.08,3084.03,-98.8646,-4891.05
465.7,5.98823,44543.5,-20922.3,5420.72,3075.69,-86.7544,-4930.32
465.8,5.99156,44531.6,-19282.5,3892.88,3040.39,0.373375,-4939.75
465.9,5.99119,44493.1,-17509.4,2118.47,2992.99,71.7633,-4883.94
466.0,5.99435,44513.1,-17577.6,1374.76,2973.69,108.716,-4864.02
466.1,6.01327,44530.4,-19576.2,2193.44,2996.61,98.1037,-4953.1
466.2,6.03004,44478.2,-23174.3,3910.0,3038.23,70.6494,-5018.31
466.3,6.04468,44409.5,-24681.8,4989.6,3067.41,35.516,-5029.39
466.4,6.05636,44308.3,-25961.6,6044.36,3081.68,59.2739,-4975.71
466.5,6.05852,44222.4,-28210.1,6596.57,3091.02,45.8747,-4954.18
466.6,6.06533,44211.5,-31916.3,6890.0,3054.6,32.2261,-4991.22
466.7,6.08,44182.3,-35366.0,7353.31,3063.3,46.6234,-5019.75
466.8,6.09291,44138.9,-36974.8,7657.01,3082.5,76.5735,-4989.31
466.9,6.10647,44058.4,-37159.9,6894.83,3081.67,61.5535,-4933.97
467.0,6.10715,43903.9,-36071.7,6100.42,3042.91,94.7708,-4962.88
467.1,6.08912,43790.1,-34081.3,5285.51,3018.94,138.988,-5022.49
467.2,6.07452,43798.7,-29585.2,4298.24,2996.46,123.354,-5035.04
467.3,6.07614,43870.7,-24468.4,3732.84,2995.7,88.5257,-4951.98
467.4,6.08433,43905.6,-21651.0,3264.35,3034.65,60.5088,-4870.97
467.5,6.09547,43881.6,-21737.3,2054.61,3083.01,17.421,-4890.21
467.6,6.10173,43800.1,-23559.4,597.794,3117.78,2.05675,-4898.66
467.7,6.10093,43735.3,-24070.3,-810.684,3141.49,9.42237,-4863.24
467.8,6.11222,43765.7,-24245.2,-2024.91,3128.99,6.82788,-4806.57
467.9,6.13774,43799.4,-25870.7,-3031.99,3080.51,-2.05638,-4856.69
468.0,6.16596,43749.9,-28886.3,-3889.75,3025.83,32.3936,-4974.81
468.1,6.18318,43607.7,-30829.1,-5554.87,2996.97,49.1811,-5039.57
468.2,6.18971,43471.8,-29776.4,-7414.65,2974.49,83.8704,-5027.42
468.3,6.19076,43369.2,-28862.1,-8638.78,2971.66,115.981,-4956.75
468.4,6.19179,43332.7,-30476.5,-7917.65,2988.65,125.876,-4936.15
468.5,6.19537,43306.6,-31084.8,-4803.97,2985.81,79.0073,-5032.33
468.6,6.19621,43249.7,-30270.6,-99.5709,2981.2,-25.7493,-4998.24
468.7,6.18408,43159.2,-26169.5,3920.22,2915.62,-139.343,-4901.28
468.8,6.16721,43131.9,-21960.5,6027.9,2853.19,-159.312,-4860.86
468.9,6.15536,43156.6,-21694.1,6011.15,2798.89,-98.9477,-4887.07
469.0,6.15886,43257.7,-21990.0,5783.84,2750.22,6.92925,-4998.08
469.1,6.17509,43287.2,-20541.3,6253.45,2719.55,14.0474,-5036.66
469.2,6.18824,43230.7,-19003.2,7932.05,2693.38,-9.5065,-4944.74
469.3,6.18931,43122.1,-18056.2,9011.59,2687.89,-50.678,-4940.84
469.4,6.18589,43072.6,-19531.9,8604.61,2701.81,-35.1668,-5000.02
469.5,6.19168,43102.5,-20137.8,7281.99,2701.9,11.4268,-5030.63
469.6,6.20505,43130.5,-19621.8,5359.07,2715.82,-38.133,-4922.68
469.7,6.23031,43157.1,-19096.2,4336.92,2737.69,-92.7935,-4850.43
469.8,6.25054,43055.5,-20042.1,3898.35,2754.64,-143.415,-4926.53
469.9,6.24921,42900.9,-21214.1,2707.11,2759.35,-168.022,-5024.46
470.0,6.24461,42845.7,-19949.6,568.41,2755.85,-107.807,-5008.01
470.1,6.24061,42832.3,-18359.4,-1398.84,2740.19,17.1849,-4878.39
470.2,6.23604,42844.6,-18752.8,-2570.52,2731.61,93.6391,-4851.67
470.3,6.23926,42867.2,-19279.6,-2012.55,2744.4,92.2709,-4994.69
470.4,6.23101,42778.0,-18707.7,163.868,2739.87,28.9824,-5014.98
470.5,6.20299,42695.7,-16405.3,2243.9,2728.97,-60.6806,-4892.47
470.6,6.17829,42733.4,-15783.8,3321.48,2745.97,-129.815,-4853.75
470.7,6.16523,42842.0,-18591.6,3555.02,2731.33,-139.348,-4951.72
470.8,6.17123,43004.0,-22440.6,3543.53,2711.05,-107.716,-5027.12
470.9,6.19851,43096.3,-23544.3,4525.12,2699.99,-72.4101,-4986.41
471.0,6.22522,43055.9,-22869.7,6501.45,2693.25,-58.0201,-4883.68
471.1,6.23822,42936.7,-22989.7,7777.9,2669.46,-64.5397,-4856.24
471.2,6.2409,42840.5,-24546.9,7162.91,2669.33,-32.7066,-4907.86
471.3,6.24197,42830.1,-24297.3,4791.3,2693.83,42.0169,-4951.67
471.4,6.25282,42884.7,-23220.9,2516.98,2732.44,115.309,-4879.77
471.5,6.26675,42871.0,-23786.7,2220.53,2759.54,80.7848,-4847.0
471.6,6.26465,42765.2,-26014.9,3918.92,2744.49,-36.6515,-4973.26
471.7,6.2581,42716.9,-28382.9,7072.75,2737.33,-89.5953,-5075.76
471.8,6.24698,42663.8,-28429.5,9517.71,2697.38,-125.815,-5029.86
471.9,6.23611,42700.9,-27556.3,10150.4,2662.38,-128.573,-4943.41
472.0,6.23392,42754.9,-26616.5,9138.32,2629.59,-90.004,-4967.28
472.1,6.22768,42750.4,-26791.6,7522.01,2634.94,-16.814,-4989.22
472.2,6.21619,42739.7,-26022.1,6337.85,2623.31,50.7868,-4965.6
472.3,6.19721,42703.2,-24921.6,5610.33,2601.74,22.32,-4919.85
472.4,6.17551,42753.5,-23694.8,5157.08,2591.54,10.0375,-4957.55
472.5,6.1704,42867.0,-22697.2,3565.67,2587.3,13.1835,-5010.85
472.6,6.18259,42980.8,-22528.3,1435.63,2584.26,56.0074,-4965.99
472.7,6.20188,43026.1,-23220.1,-240.609,2571.91,80.8733,-4905.66
472.8,6.21566,42967.7,-24442.6,-749.215,2505.79,27.2474,-4922.74
472.9,6.21715,42908.8,-25035.5,-359.85,2451.55,-49.5436,-4966.16
473.0,6.22296,42933.0,-22986.9,-210.285,2431.73,-85.2143,-4961.2
473.1,6.23276,42969.4,-21147.9,-1196.66,2424.15,-46.0655,-4865.48
473.2,6.24022,42959.5,-20395.0,-2957.13,2430.39,48.3731,-4862.75
473.3,6.23247,42873.6,-20654.5,-3766.68,2408.5,154.279,-4949.84
473.4,6.20722,42800.9,-19775.9,-2941.21,2425.74,164.763,-4967.74
473.5,6.18326,42844.5,-15394.7,-1116.76,2458.31,94.126,-4905.2
473.6,6.17437,42944.2,-11617.2,786.069,2463.8,39.1526,-4804.13
473.7,6.1686,43001.7,-11101.0,1306.43,2476.89,-8.41825,-4825.54
473.8,6.16086,43031.8,-12858.5,121.48,2509.87,-51.1379,-4932.43
473.9,6.15248,43039.2,-13737.5,-1334.57,2542.0,-52.896,-4965.87
474.0,6.14501,43076.1,-12992.7,-1601.51,2560.74,-17.8976,-4903.14
474.1,6.14665,43163.0,-13398.8,85.4737,2554.31,9.69075,-4878.79
474.2,6.15594,43207.1,-15607.3,3023.06,2541.83,-1.54625,-4980.19
474.3,6.1603,43197.7,-18515.7,6047.92,2498.31,29.9242,-5016.75
474.4,6.15517,43161.6,-19717.0,7467.4,2479.85,72.0478,-4927.94
474.5,6.1469,43165.8,-20941.2,7586.75,2476.9,100.085,-4807.41
474.6,6.1385,43219.7,-24363.7,7247.97,2481.71,61.5332,-4825.61
474.7,6.1339,43307.2,-27620.5,6525.85,2504.26,-53.3245,-4985.06
474.8,6.13826,43400.5,-28480.7,5910.41,2519.83,-114.512,-5064.77
474.9,6.13715,43420.4,-26543.0,4231.54,2512.41,-141.901,-5020.29
475.0,6.13307,43444.8,-25540.9,1683.25,2513.6,-70.8991,-4984.68
475.1,6.13155,43458.7,-26485.3,-748.506,2539.18,39.4421,-5035.44
475.2,6.11872,43451.3,-27162.0,-2958.28,2541.51,95.6645,-5025.06
475.3,6.11467,43507.2,-25688.9,-4577.22,2569.25,106.542,-4868.55
475.4,6.11353,43515.0,-24703.6,-5588.27,2594.56,90.2012,-4691.32
475.5,6.10754,43508.7,-27055.2,-6468.02,2614.66,56.5358,-4715.84
475.6,6.10265,43499.0,-30522.0,-7899.35,2646.27,-30.5108,-4920.04
475.7,6.0969,43497.0,-31449.0,-9411.36,2643.79,-77.9419,-5034.6
475.8,6.09074,43526.3,-29328.2,-10979.1,2565.67,-67.275,-4987.42
475.9,6.09135,43587.8,-27504.1,-12060.5,2494.77,-25.7827,-4946.93
476.0,6.09757,43643.0,-27684.9,-12018.9,2436.68,6.02663,-5010.61
476.1,6.09411,43643.5,-26538.7,-11667.6,2397.52,-0.445375,-5023.97
476.2,6.08624,43646.2,-22098.8,-11227.1,2392.3,3.21112,-4835.47
476.3,6.0685,43663.3,-17451.1,-10919.9,2417.78,7.05412,-4608.74
476.4,6.05023,43745.2,-15143.7,-10589.0,2453.86,-9.91613,-4619.91
476.5,6.0422,43863.2,-15069.1,-10038.2,2498.05,-85.3761,-4775.61
476.6,6.04317,43970.6,-12451.8,-9271.78,2520.8,-151.18,-4872.06
476.7,6.05595,44050.9,-7253.71,-8592.4,2534.85,-163.952,-4851.95
476.8,6.0674,44012.6,-4213.86,-8213.36,2518.27,-159.669,-4855.92
476.9,6.07246,43973.7,-5152.54,-7405.69,2534.42,-103.819,-4987.53
477.0,6.07544,43920.7,-6221.74,-5876.45,2537.74,-72.3645,-5095.0
477.1,6.0718,43889.1,-5318.37,-3525.09,2563.09,-79.8438,-4977.78
477.2,6.06382,43875.9,-4067.87,-1183.85,2589.46,-117.181,-4785.19
477.3,6.05272,43873.7,-5913.17,874.547,2633.66,-116.648,-4790.4
477.4,6.03191,43852.6,-9789.79,1534.34,2652.06,-138.487,-4950.48
477.5,6.01131,43923.3,-10869.1,1307.55,2653.53,-129.383,-5021.46
477.6,6.00108,44021.0,-8980.6,618.308,2624.72,-127.805,-4914.08
477.7,5.99702,44135.4,-8595.87,-452.575,2592.52,-128.491,-4857.22
477.8,6.00933,44265.5,-12371.1,-1595.63,2603.07,-96.7647,-4977.25
477.9,6.02095,44263.6,-15682.9,-2830.99,2629.18,-79.2081,-5118.36
478.0,6.01335,44221.1,-14757.5,-4391.2,2659.5,-66.8453,-5039.57
478.1,6.00131,44211.3,-11345.5,-5723.49,2662.48,-45.0502,-4828.84
478.2,5.98392,44246.7,-11003.3,-6404.85,2680.64,-34.2841,-4786.83
478.3,5.98219,44397.1,-14677.1,-6751.8,2735.76,-40.6103,-4914.3
478.4,6.0071,44509.4,-17607.6,-6235.96,2774.79,-41.6808,-4958.84
478.5,6.02202,44428.6,-16954.9,-5690.27,2763.95,-77.9236,-4822.07
478.6,6.02292,44324.7,-15286.4,-6099.39,2728.25,-118.236,-4721.92
478.7,6.02433,44267.4,-17409.5,-6680.13,2727.04,-102.108,-4802.94
478.8,6.02015,44268.7,-21871.1,-7407.13,2737.55,-73.3161,-4963.91
478.9,6.0282,44348.8,-23129.4,-8214.1,2738.65,-83.6084,-5047.18
479.0,6.03629,44334.0,-20506.4,-8267.41,2738.48,-76.0817,-4977.16
479.1,6.01916,44226.8,-16770.0,-7966.2,2781.31,-49.1045,-4919.17
479.2,5.98913,44181.5,-14435.4,-7905.94,2802.77,-24.3423,-4954.83
479.3,5.96509,44245.3,-12287.1,-6741.51,2817.77,18.6583,-4979.07
479.4,5.94689,44369.9,-8298.38,-5375.88,2800.86,-23.752,-4860.57
479.5,5.95695,44562.1,-4942.67,-4198.08,2755.71,-112.782,-4669.78
479.6,5.97482,44603.6,-4352.66,-3341.23,2734.08,-163.539,-4676.97
479.7,5.97629,44540.6,-4813.23,-3062.27,2710.89,-138.771,-4868.16
479.8,5.97015,44498.9,-3374.66,-3236.84,2692.47,-127.143,-4983.54
479.9,5.96456,44527.6,-327.859,-2060.4,2655.34,-88.7724,-4944.73
480.0,5.96185,44608.4,1895.45,-179.416,2658.93,-80.8186,-4975.68
480.1,5.9704,44687.1,884.555,1145.6,2680.29,-85.0744,-5082.94
480.2,5.97926,44675.6,-878.675,1648.58,2736.32,-31.1147,-5086.85
480.3,5.9738,44596.2,-1695.81,1096.8,2772.64,26.8352,-4893.05
480.4,5.96886,44587.6,-771.526,580.937,2795.3,28.5546,-4739.79
480.5,5.97252,44618.6,-1712.23,1685.52,2817.88,-21.0642,-4725.98
480.6,5.97889,44652.7,-4481.96,4049.58,2842.7,-102.341,-4827.49
480.7,5.99029,44665.3,-7063.72,7085.7,2852.58,-121.915,-4963.13
480.8,5.9851,44557.1,-9028.44,9833.93,2863.11,-93.2418,-5051.95
480.9,5.95236,44462.6,-10159.8,10957.9,2839.5,-55.7412,-5126.25
481.0,5.92023,44512.4,-11095.1,10421.6,2805.49,1.4515,-5168.67
481.1,5.90279,44652.6,-11328.4,9674.16,2771.24,74.7832,-5096.88
481.2,5.89854,44819.4,-10674.8,9377.9,2732.51,82.6459,-4954.66
481.3,5.90984,44898.7,-10913.8,9382.09,2736.82,-34.2469,-4816.77
481.4,5.90965,44854.6,-11822.3,8705.66,2746.81,-160.21,-4783.77
481.5,5.89891,44832.5,-12355.6,6135.08,2758.8,-165.341,-4822.76
481.6,5.89065,44888.3,-12605.8,1771.56,2758.35,-93.2448,-4842.09
481.7,5.89442,45037.4,-12653.3,-1969.88,2740.91,29.3248,-4899.33
481.8,5.91672,45166.3,-12877.9,-3560.75,2749.0,88.4575,-5025.88
481.9,5.94241,45120.6,-14638.0,-2770.94,2762.52,75.0345,-5075.08
482.0,5.95112,45056.4,-15500.4,-1345.28,2802.83,25.4405,-5064.47
482.1,5.94556,44924.0,-15041.2,-741.361,2849.88,6.289,-5016.12
482.2,5.93817,44886.6,-14740.2,-131.467,2908.61,30.255,-4915.13
482.3,5.94063,44945.3,-14050.3,1711.56,2951.14,-13.5645,-4876.96
482.4,5.94979,44981.2,-13702.9,4989.66,2973.53,-151.766,-4882.97
482.5,5.95109,44912.2,-12737.3,8128.9,2963.33,-264.605,-4915.52
482.6,5.93303,44816.2,-11888.8,9241.19,2936.6,-231.599,-4933.53
482.7,5.90287,44775.0,-9627.67,7158.25,2867.15,-121.528,-4987.49
482.8,5.87726,44872.2,-8337.96,4064.37,2796.65,49.8936,-4994.7
482.9,5.86675,45017.3,-9011.02,2283.51,2751.81,144.03,-4970.98
483.0,5.86684,45082.7,-8805.14,3222.41,2727.07,123.944,-5035.43
483.1,5.86897,45056.7,-7296.93,5718.3,2730.88,-21.5912,-5050.9
483.2,5.85475,45003.8,-4319.43,7688.32,2738.94,-157.398,-4965.95
483.3,5.83939,45026.4,-2250.46,7843.67,2769.8,-194.25,-4891.77
483.4,5.8401,45095.3,-2409.76,6912.33,2799.67,-157.315,-4918.61
483.5,5.86658,45170.1,-3860.25,6889.98,2794.6,-107.037,-4949.05
483.6,5.90943,45194.0,-5195.55,9236.92,2805.49,-87.4733,-4914.01
483.7,5.93833,45114.5,-5683.59,12612.1,2778.04,-120.318,-4883.73
483.8,5.94403,45052.7,-7334.83,14994.3,2762.48,-129.155,-4910.14
483.9,5.93162,45019.9,-9178.34,15189.4,2768.74,-66.2466,-4994.79
484.0,5.91546,45024.2,-11837.5,13951.9,2795.62,25.19,-5014.72
484.1,5.90876,45067.3,-13456.3,13836.1,2852.6,72.204,-5056.42
484.2,5.90328,45037.2,-16126.9,15868.8,2926.14,-13.1187,-5080.64
484.3,5.88642,45009.0,-18642.0,19052.0,2976.74,-147.755,-5102.85
484.4,5.86104,44974.3,-19122.5,20811.5,2977.41,-234.87,-5100.91
484.5,5.8308,44984.7,-18944.5,19820.6,2955.38,-198.311,-4985.86
484.6,5.81906,45062.4,-18223.4,16783.5,2942.35,-90.0447,-4902.94
484.7,5.82751,45091.1,-19711.9,13802.0,2906.2,-7.92625,-4883.0
484.8,5.83466,45079.0,-22236.8,11594.2,2902.6,-9.319,-4944.8
484.9,5.83537,45052.0,-23383.4,9514.71,2905.17,-24.0823,-5018.21
485.0,5.82298,45010.4,-22769.9,6524.42,2899.21,13.2156,-5028.48
485.1,5.81282,45054.1,-21938.8,2614.05,2899.53,84.9427,-5001.97
485.2,5.82856,45146.2,-22015.0,-582.332,2914.86,136.771,-5019.35
485.3,5.8634,45173.0,-21976.2,-1449.3,2937.14,103.682,-5030.32
485.4,5.90027,45171.1,-20692.4,163.629,2985.95,17.9548,-4945.59
485.5,5.92702,45113.5,-17155.8,3718.02,3010.84,-59.2131,-4850.07
485.6,5.92601,45033.1,-14817.2,7988.72,3043.78,-111.936,-4796.07
485.7,5.91493,45037.2,-14346.5,11644.5,3059.98,-143.491,-4846.96
485.8,5.91011,45064.7,-14026.3,14281.4,3079.11,-126.202,-4953.11
485.9,5.90449,45047.3,-12979.1,15040.9,3090.85,-91.5794,-4986.88
486.0,5.89471,45036.2,-11168.7,13808.8,3115.18,-32.2766,-4988.86
486.1,5.88344,45025.1,-10051.2,12535.4,3148.38,76.0159,-5019.4
486.2,5.85753,44972.4,-10248.9,11840.1,3156.14,96.1826,-5061.13
486.3,5.83752,45027.2,-9575.98,11470.9,3157.57,-2.28238,-5072.82
486.4,5.84061,45088.2,-8365.88,11827.0,3154.03,-68.4431,-5003.38
486.5,5.84706,45070.8,-7670.01,11798.9,3166.95,-88.6116,-4950.22
486.6,5.853,45079.3,-8415.83,11532.4,3133.72,-60.3055,-4974.52
486.7,5.8507,45029.4,-10042.0,11931.8,3080.97,-37.0218,-5021.66
486.8,5.83824,45032.0,-9798.48,13141.9,3041.47,-19.4982,-5030.66
486.9,5.85122,45143.4,-8954.36,14833.6,3024.85,20.3302,-4971.15
487.0,5.88566,45166.9,-9683.76,16791.9,3031.04,60.2585,-4971.91
487.1,5.91249,45131.0,-11270.0,18267.7,3060.4,80.5768,-5076.18
487.2,5.93197,45111.3,-12700.8,19492.5,3123.34,80.6257,-5123.1
487.3,5.93671,45057.6,-12596.3,21587.0,3179.53,77.8865,-5071.62
487.4,5.92767,45039.4,-12728.4,23789.8,3224.98,9.52675,-5044.94
487.5,5.93332,45112.4,-14689.9,25974.8,3304.35,-56.4043,-5124.79
487.6,5.94093,45076.0,-16333.5,27507.2,3314.35,-78.4446,-5195.77
487.7,5.93737,45047.5,-15820.6,27516.7,3300.35,-54.1411,-5129.76
487.8,5.93016,45022.4,-14852.0,26517.5,3310.19,1.13725,-5001.74
487.9,5.91244,44890.6,-15287.5,24933.8,3293.24,30.6494,-4965.4
488.0,5.889,44881.2,-16941.1,22553.6,3272.0,31.5358,-5039.4
488.1,5.87912,44954.4,-17437.0,18847.8,3225.91,15.1278,-5024.2
488.2,5.8751,45031.2,-15951.7,14371.4,3207.81,51.4849,-4945.32
488.3,5.87345,45064.2,-15185.2,9475.39,3214.52,101.923,-4952.91
488.4,5.87705,45066.9,-15794.8,6189.79,3229.57,134.455,-5081.55
488.5,5.87559,45049.7,-16531.7,5956.42,3233.23,147.245,-5143.7
488.6,5.8775,45080.3,-16073.6,7636.32,3232.62,73.5729,-5046.48
488.7,5.8954,45135.6,-15002.1,9958.18,3233.63,9.39625,-4938.79
488.8,5.92894,45170.4,-14621.3,11968.1,3259.36,8.33687,-4929.28
488.9,5.96284,45162.8,-14857.2,13160.7,3287.27,9.36137,-4924.62
489.0,5.98745,45118.3,-14345.4,14658.8,3289.12,-8.03012,-4874.24
489.1,5.99653,45000.0,-14024.0,16909.5,3332.48,-55.3356,-4868.42
489.2,6.00133,44896.1,-13805.7,18737.1,3351.26,-106.559,-4975.98
489.3,6.01307,44831.5,-12656.2,19731.3,3348.94,-58.0773,-5123.77
489.4,6.01555,44700.0,-11003.1,19575.6,3355.04,19.914,-5142.51
489.5,6.00438,44582.1,-9299.45,18750.3,3356.6,75.322,-5079.75
489.6,5.98881,44487.3,-8921.05,18162.4,3340.48,70.9317,-5041.07
489.7,5.96675,44442.4,-8857.37,18418.2,3322.69,47.4533,-5030.69
489.8,5.95428,44504.9,-7501.16,19108.5,3330.36,-5.38975,-4985.09
489.9,5.95278,44568.8,-5603.68,19880.0,3326.37,-72.4915,-4902.32
490.0,5.94818,44583.5,-5274.62,20423.6,3337.01,-101.368,-4902.69
490.1,5.94608,44610.2,-6416.79,20453.8,3347.65,-66.199,-5037.51
490.2,5.94726,44646.3,-5761.57,20128.3,3325.83,-6.021,-5142.71
490.3,5.96247,44744.6,-3708.55,20784.9,3318.07,90.4421,-5081.77
490.4,5.9923,44784.4,-3373.29,22739.7,3296.39,125.79,-4983.41
490.5,6.02395,44746.3,-5750.14,25327.3,3284.8,60.3104,-5050.29
490.6,6.04938,44634.8,-8507.04,27869.2,3251.22,-3.96813,-5125.15
490.7,6.06431,44484.9,-9539.53,30113.7,3243.01,-10.2787,-5019.88
490.8,6.07232,44374.1,-9141.28,31551.6,3256.78,-58.4138,-4912.3
490.9,6.08502,44338.4,-9914.55,32421.3,3285.05,-134.219,-4978.03
491.0,6.09942,44249.1,-12160.2,33097.9,3296.83,-153.617,-5109.22
491.1,6.09506,44098.6,-12251.3,32233.1,3307.19,-142.402,-5159.28
491.2,6.08678,44003.2,-10112.1,29513.4,3286.6,-67.8819,-5085.48
491.3,6.07631,43918.3,-8389.53,26206.7,3251.6,54.4761,-5031.2
491.4,6.05911,43880.7,-8670.36,23167.3,3205.96,124.064,-5059.53
491.5,6.05017,43899.4,-9603.19,21058.0,3172.5,98.8702,-5076.59
491.6,6.04144,43890.9,-9987.85,20441.8,3182.01,37.1813,-5041.79
491.7,6.02717,43887.2,-9192.19,20401.6,3187.23,-23.3705,-5052.96
491.8,6.01775,43930.9,-9440.94,20593.5,3178.64,-55.7018,-5089.6
491.9,6.02025,44018.2,-9903.48,21673.0,3200.22,-52.03,-5136.07
492.0,6.03818,44119.0,-9631.58,23031.4,3219.99,-69.2745,-5110.5
492.1,6.07424,44193.9,-8772.35,24549.8,3233.75,-70.7415,-5051.56
492.2,6.11287,44119.6,-8833.81,26208.9,3219.76,-33.973,-5007.52
492.3,6.13255,43971.2,-10078.6,27034.2,3211.06,-22.5688,-5005.73
492.4,6.1496,43878.0,-10442.5,26989.0,3219.76,-16.145,-5047.02
492.5,6.16253,43779.3,-9992.22,26390.5,3238.01,-4.07463,-5043.9
492.6,6.16547,43695.2,-9489.96,25218.3,3208.93,13.837,-5046.48
492.7,6.16734,43633.5,-9702.37,24160.6,3182.28,22.3865,-5128.42
492.8,6.16513,43543.2,-9833.45,24378.7,3165.87,33.0261,-5209.33
492.9,6.15806,43478.9,-8896.52,25018.2,3180.18,-5.61475,-5148.52
493.0,6.15362,43425.6,-8148.76,26039.3,3162.0,-10.0007,-5005.86
493.1,6.14296,43346.4,-8212.64,27041.3,3177.67,-9.57325,-4969.76
493.2,6.12142,43320.6,-9579.23,26934.9,3202.23,-41.9299,-4981.99
493.3,6.11341,43369.6,-10161.6,26503.1,3203.93,-34.8264,-4982.4
493.4,6.10697,43398.7,-9145.99,26342.1,3215.98,5.098,-4991.47
493.5,6.10634,43467.6,-8693.1,25997.5,3210.22,18.5437,-5038.64
493.6,6.12505,43527.1,-8583.31,26610.9,3192.57,50.2494,-5143.63
493.7,6.14068,43490.8,-8782.25,28524.2,3182.03,78.2356,-5190.22
493.8,6.15852,43474.7,-9640.58,30397.7,3160.9,22.2064,-5133.45
493.9,6.18717,43465.8,-9604.55,32079.5,3134.99,-49.8543,-5091.94
494.0,6.21051,43396.6,-10369.7,32958.1,3152.58,-68.8385,-5046.37
494.1,6.23025,43334.3,-10776.5,32339.0,3170.06,-66.1848,-5017.6
494.2,6.24431,43226.7,-11159.8,31351.5,3137.81,-54.768,-4990.54
494.3,6.2348,43085.8,-10297.6,30913.3,3096.05,-25.8783,-5022.22
494.4,6.22014,43039.1,-10841.3,30679.2,3065.59,-10.9517,-5014.35
494.5,6.21227,43039.9,-12172.9,30434.6,3019.53,10.4665,-5043.2
494.6,6.1991,43010.5,-13234.0,29027.0,2993.02,18.3885,-5107.65
494.7,6.18364,42994.3,-14076.8,25919.2,2974.59,34.2697,-5073.81
494.8,6.16414,42959.3,-14133.9,21675.9,2955.92,33.6815,-5014.52
494.9,6.14905,43012.1,-13898.8,18048.3,2954.28,44.1485,-5020.64
495.0,6.15295,43117.1,-14145.8,16513.0,2976.88,30.0298,-5072.64
495.1,6.17353,43185.4,-12449.0,17921.9,3017.78,-8.5585,-5132.03
495.2,6.19219,43146.5,-9881.92,20755.7,3062.98,-65.6087,-5109.91
495.3,6.20057,43045.4,-7690.28,23225.8,3078.2,-65.5196,-5059.05
495.4,6.19778,42964.2,-6211.06,24172.7,3054.22,-19.8848,-5047.58
495.5,6.19883,43002.1,-5489.59,23415.8,3020.29,14.549,-5006.96
495.6,6.22723,43126.6,-4076.34,22962.0,2974.2,28.7906,-4955.46
495.7,6.26166,43100.9,-3342.43,23104.3,2898.73,-58.1611,-4917.79
495.8,6.27949,42977.8,-3006.69,23417.4,2870.08,-154.537,-5007.79
495.9,6.27713,42789.4,-3774.76,23447.0,2858.61,-160.344,-5121.51
496.0,6.24503,42641.9,-3385.04,23215.7,2827.89,-66.9672,-5204.79
496.1,6.21299,42713.0,-2273.35,22886.3,2830.51,17.6129,-5196.17
496.2,6.20191,42876.1,-2206.95,23545.7,2859.5,75.7477,-5115.45
496.3,6.20185,42960.0,-3332.48,25518.8,2863.3,111.478,-5066.65
496.4,6.19197,42919.4,-4590.38,27579.9,2895.31,60.0365,-5054.5
496.5,6.17967,42867.9,-4599.79,29405.0,2903.21,-25.3032,-4989.3
496.6,6.16258,42859.8,-4762.93,30568.2,2899.91,-90.8307,-4893.15
496.7,6.16272,42965.8,-6357.17,30221.6,2918.6,-159.151,-4930.46
496.8,6.1929,43123.1,-9559.35,28937.2,2968.77,-169.854,-5093.0
496.9,6.23533,43132.4,-11975.6,27831.4,3005.71,-87.997,-5220.76
497.0,6.25878,42967.1,-12771.8,26668.4,3013.06,-32.1797,-5204.26
497.1,6.26003,42794.2,-12600.3,25057.0,3006.66,-17.8075,-5137.23
497.2,6.25279,42716.2,-11414.5,22945.8,2971.01,22.9373,-5107.66
497.3,6.24982,42764.5,-10004.6,20806.3,2941.42,92.9232,-5029.55
497.4,6.26322,42851.4,-8794.66,20263.3,2920.99,112.725,-4905.55
497.5,6.27135,42814.8,-9393.64,22248.5,2941.03,12.4694,-4871.05
497.6,6.25122,42669.7,-11043.1,24889.4,2914.21,-168.371,-4970.67
497.7,6.21318,42608.6,-13489.5,26464.0,2896.7,-238.527,-5047.94
497.8,6.18035,42704.8,-14794.1,25640.1,2889.81,-181.464,-5074.29
497.9,6.17234,42930.3,-15941.4,22818.0,2868.94,-86.8037,-5088.2
498.0,6.19193,43081.5,-16650.3,19417.5,2844.63,-47.962,-5150.11
498.1,6.20444,43029.0,-16616.0,16666.5,2844.12,-24.5006,-5183.73
498.2,6.20598,42920.5,-14456.3,14916.1,2866.37,19.1207,-5150.22
498.3,6.19935,42820.7,-10048.6,14126.7,2871.66,39.1063,-5113.14
498.4,6.19702,42837.0,-4279.68,14914.1,2846.6,43.6031,-5095.32
498.5,6.20797,42919.3,303.81,17123.4,2833.83,-2.90287,-5027.53
498.6,6.22995,42965.3,4419.8,20290.5,2808.85,-64.9924,-4971.85
498.7,6.24826,42916.1,7639.32,23484.0,2760.67,-111.799,-4944.61
498.8,6.25378,42822.5,10506.1,25833.3,2715.99,-154.545,-4935.81
498.9,6.24981,42769.2,12243.0,26711.7,2643.3,-184.098,-4911.57
499.0,6.24856,42786.9,13149.0,26541.7,2606.78,-175.031,-4942.85
499.1,6.24866,42825.2,13323.1,25823.9,2616.32,-129.756,-5038.16
499.2,6.24546,42824.2,13459.5,24952.3,2657.62,-73.2905,-5119.99
499.3,6.22666,42748.4,13430.8,25340.0,2675.41,21.9543,-5126.89
499.4,6.18403,42676.1,12805.4,26591.5,2713.54,45.115,-5099.2
499.5,6.14446,42775.7,11346.1,28550.0,2726.72,30.2873,-5067.46
499.6,6.12997,42964.2,8974.8,30731.8,2726.92,2.10475,-5002.7
499.7,6.13939,43155.8,6352.56,32983.3,2738.84,-26.7717,-4934.95
499.8,6.16397,43215.5,4304.97,35316.6,2700.38,-88.1944,-4931.7
499.9,6.17769,43121.0,2059.08,37870.5,2695.47,-180.517,-4992.05
500.0,6.17576,43035.0,-314.054,39569.6,2723.36,-234.626,-5084.87
500.1,6.17881,43062.8,-2360.59,39352.5,2785.98,-202.731,-5205.12
500.2,6.19388,43143.2,-5267.7,38129.9,2871.46,-52.6968,-5276.42
500.3,6.21243,43169.1,-7153.95,36292.4,2924.82,66.8236,-5303.23
500.4,6.22733,43132.3,-8105.54,35649.3,2962.46,146.599,-5233.61
500.5,6.22366,42987.4,-8276.27,35947.1,2976.66,129.255,-5069.99
500.6,6.20938,42955.7,-10086.7,36780.3,3025.65,82.7264,-4937.54
500.7,6.20612,42992.6,-13584.8,37466.1,3043.23,4.456,-4955.06
500.8,6.20097,43018.6,-17237.0,37530.4,3051.01,-87.5366,-5078.85
500.9,6.19115,43037.7,-19671.5,36286.4,3068.34,-152.981,-5150.55
501.0,6.17856,43030.7,-20929.0,34384.1,3061.53,-119.639,-5196.58
501.1,6.15239,43010.3,-22096.3,31723.3,3027.23,-40.7026,-5279.01
501.2,6.1362,43104.7,-22047.8,28355.5,3017.79,33.0163,-5355.24
501.3,6.14066,43218.0,-20180.9,25386.6,3015.3,127.804,-5256.58
501.4,6.14534,43233.4,-17204.1,22434.8,2991.44,174.865,-5043.56
501.5,6.15505,43247.7,-15405.3,20229.0,3023.14,198.488,-4907.46
501.6,6.16507,43200.0,-14012.6,19799.1,3040.39,159.232,-4910.47
501.7,6.16233,43165.7,-11509.3,20833.1,3027.98,36.7375,-4923.94
501.8,6.17211,43234.1,-8133.68,22598.4,2971.03,-101.699,-4891.7
501.9,6.19018,43287.3,-5177.42,24001.7,2905.09,-168.169,-4955.84
502.0,6.21418,43315.5,-4016.78,24126.1,2837.96,-125.273,-5084.23
502.1,6.24406,43279.8,-2677.02,24417.0,2770.64,-4.56225,-5151.49
502.2,6.25342,43104.7,674.846,26204.6,2718.96,59.1799,-5084.02
502.3,6.24054,42954.2,4658.03,29165.9,2705.99,19.1145,-4972.69
502.4,6.22533,42913.7,7662.65,32474.5,2734.44,-33.534,-4933.26
502.5,6.2013,42886.1,8907.61,34487.5,2755.92,-49.0804,-4942.41
502.6,6.17326,42919.4,10950.8,34229.9,2791.97,-60.9347,-4971.41
502.7,6.15452,43001.6,13542.6,33801.8,2818.73,-24.8084,-4954.52
502.8,6.13788,43051.5,15538.9,34496.4,2848.94,-26.3869,-4992.99
502.9,6.13525,43157.3,14766.1,37103.2,2856.57,-45.9503,-5095.54
503.0,6.15052,43233.0,11475.6,41158.9,2855.45,-78.7867,-5181.31
503.1,6.16467,43218.3,6593.21,44757.6,2868.96,-88.3442,-5168.22
503.2,6.18103,43211.0,2242.33,46342.5,2901.11,-52.7563,-5143.24
503.3,6.19059,43133.2,-2114.01,45891.7,2927.91,-16.0824,-5126.23
503.4,6.19044,43108.3,-6269.44,45027.2,2999.93,49.0821,-5137.69
503.5,6.20388,43149.4,-9461.17,45360.3,3065.85,77.4003,-5184.3
503.6,6.21846,43134.1,-12170.4,46919.5,3094.69,9.71625,-5198.89
503.7,6.22975,43092.8,-13097.4,48381.6,3079.58,-60.117,-5206.45
503.8,6.23958,43040.6,-14140.6,48566.4,3123.42,-52.9575,-5179.17
503.9,6.23877,42949.6,-16201.5,46512.7,3152.66,-21.5037,-5135.71
504.0,6.23195,42919.0,-19251.9,43017.3,3160.98,21.6215,-5121.16
504.1,6.22663,42922.4,-21878.7,39997.2,3212.54,51.0173,-5138.48
504.2,6.21444,42899.8,-24915.7,37011.4,3260.36,-5.9825,-5111.98
504.3,6.20432,42929.7,-26232.8,32928.8,3304.93,-74.3942,-5125.6
504.4,6.19182,42893.9,-27262.2,26604.1,3316.15,-80.5178,-5131.9
504.5,6.17353,42897.2,-26162.9,18624.2,3301.88,40.7645,-5146.42
504.6,6.17597,42978.7,-23812.8,11244.7,3268.76,151.019,-5113.96
504.7,6.19173,43029.0,-21634.5,7172.94,3187.21,156.322,-5038.64
504.8,6.21687,43043.0,-19040.9,6852.33,3098.02,85.1633,-5012.07
504.9,6.24633,42995.9,-15468.6,9057.69,3043.45,-7.47975,-5000.57
505.0,6.26056,42863.0,-12636.8,10801.2,3010.99,-103.956,-4928.84
505.1,6.26382,42791.5,-10263.6,11063.7,3002.34,-112.3,-4917.28
505.2,6.26598,42767.8,-9597.33,10393.5,3013.19,-56.9782,-4965.87
505.3,6.27563,42817.5,-8455.43,10560.9,3031.75,-0.553797,-5035.22
505.4,6.29852,42840.8,-6223.15,12522.4,3005.9,-14.7861,-5027.61
505.5,6.31693,42739.6,-2934.1,15725.3,2959.71,-86.1922,-4979.46
505.6,6.31548,42573.0,-1016.06,18308.2,2922.08,-116.148,-4958.76
505.7,6.3002,42444.8,188.232,19189.0,2898.87,-75.0859,-4996.5
505.8,6.28151,42413.4,1845.11,18758.5,2898.87,-30.383,-5016.76
505.9,6.2724,42485.2,4437.9,18767.3,2910.85,-10.242,-4989.06
506.0,6.27748,42544.8,6323.05,20860.4,2968.63,-23.1546,-4969.92
506.1,6.2777,42495.0,5790.93,24747.8,3031.93,-76.5017,-5020.96
506.2,6.26677,42414.4,4096.6,28571.5,3058.25,-133.304,-5084.74
506.3,6.25212,42367.1,1836.71,30743.8,3061.04,-136.74,-5042.06
506.4,6.24937,42448.5,1233.62,30998.9,3069.92,-69.7773,-5010.19
506.5,6.27503,42585.0,-28.7905,30515.8,3065.3,-17.8915,-4999.57
506.6,6.31655,42618.5,-2391.39,31485.4,3070.64,2.611,-5045.1
506.7,6.34649,42474.5,-6418.91,34431.6,3083.3,-31.7708,-5105.22
506.8,6.35018,42289.5,-9814.99,38034.1,3102.69,-80.5663,-5187.59
506.9,6.34092,42174.5,-13180.6,40132.7,3118.73,-105.862,-5202.17
507.0,6.33206,42196.9,-16554.2,39968.4,3132.58,-59.4441,-5182.43
507.1,6.33542,42277.2,-20363.4,37493.6,3163.02,-15.5428,-5169.92
507.2,6.34887,42310.4,-23745.1,33931.0,3207.42,-4.54712,-5164.46
507.3,6.35674,42226.3,-25313.4,30488.3,3221.61,-5.94338,-5125.81
507.4,6.34988,42090.1,-26135.2,27198.3,3211.79,-30.6861,-5058.09
507.5,6.33236,42016.4,-26304.1,23474.3,3187.53,-48.9798,-5068.03
507.6,6.32314,42046.2,-25102.8,18847.5,3165.88,-18.8191,-5148.07
507.7,6.32644,42128.0,-22815.8,13785.1,3162.72,68.5099,-5153.73
507.8,6.33769,42146.4,-19444.3,9390.94,3149.52,150.139,-5090.23
507.9,6.34433,42084.8,-16470.6,7380.66,3108.99,195.205,-5049.17
508.0,6.34077,41985.0,-14087.2,8329.57,3036.76,162.63,-5032.16
508.1,6.33851,41985.0,-10804.3,11691.3,2998.2,58.9415,-4982.03
508.2,6.35331,42046.0,-7337.85,15208.2,2996.81,-92.4709,-4879.86
508.3,6.38091,42075.4,-5109.79,16708.5,2982.6,-200.617,-4846.04
508.4,6.40129,42005.3,-4073.05,15667.9,2930.71,-191.977,-4923.99
508.5,6.40812,41896.3,-3420.48,13330.1,2891.29,-113.69,-4996.49
508.6,6.41188,41859.0,-1204.29,11369.9,2872.68,-56.2565,-5006.18
508.7,6.42642,41880.8,1650.94,11114.1,2859.55,-6.355,-5000.1
508.8,6.44401,41853.0,2803.46,12839.7,2864.75,57.8802,-5018.79
508.9,6.44591,41722.6,3758.18,15096.5,2907.26,66.8125,-5079.03
509.0,6.4311,41591.2,5250.31,17305.1,2920.48,34.3447,-5035.73
509.1,6.40024,41487.4,7709.1,19205.1,2906.82,-27.539,-4934.42
509.2,6.37376,41559.0,9608.36,21342.8,2877.14,-83.821,-4900.16
509.3,6.37425,41707.3,8773.19,24042.2,2855.5,-166.554,-4947.98
509.4,6.39066,41781.7,6620.14,27108.0,2845.25,-249.791,-5039.88
509.5,6.40662,41743.4,3690.15,29401.8,2857.4,-255.626,-5059.68
509.6,6.40717,41610.0,1751.18,30141.8,2844.42,-159.689,-5085.61
509.7,6.39234,41531.6,105.503,30056.5,2805.95,-6.38188,-5117.07
509.8,6.38661,41607.0,-4814.54,29709.8,2853.61,83.8075,-5083.38
509.9,6.40682,41741.4,-9118.8,30464.9,2858.68,110.083,-5122.9
510.0,6.42551,41722.3,-12413.5,31491.7,2855.21,46.3981,-5132.11
510.1,6.42843,41616.2,-14713.4,31558.5,2862.09,-54.9565,-5078.24
510.2,6.42221,41538.9,-16032.0,30573.4,2883.87,-110.926,-5080.91
510.3,6.41936,41545.2,-18171.4,29150.5,2907.2,-121.502,-5136.17
510.4,6.43211,41636.8,-19763.2,28224.1,2923.23,-111.606,-5175.53
510.5,6.45677,41654.1,-18732.5,28007.4,2926.14,-124.631,-5147.8
510.6,6.46918,41551.0,-17799.6,27607.2,2935.58,-113.344,-5027.9
510.7,6.46313,41408.9,-17444.8,25911.0,2944.14,-47.5445,-4979.73
510.8,6.4402,41284.2,-17189.3,22277.0,2935.7,6.65887,-5017.43
510.9,6.41291,41300.9,-15319.5,17980.8,2935.04,63.2342,-5000.46
511.0,6.40738,41417.3,-12283.9,14889.8,2959.4,83.633,-4929.44
511.1,6.41034,41475.9,-11256.7,14407.5,2925.26,42.6595,-4910.57
511.2,6.41487,41471.3,-12551.1,16039.3,2922.14,-66.5845,-5031.23
511.3,6.41254,41420.4,-12950.6,18675.5,2894.88,-162.347,-5150.02
511.4,6.40274,41396.7,-10949.4,20281.6,2804.43,-207.499,-5067.09
511.5,6.40176,41483.9,-7472.09,19855.5,2701.84,-208.657,-4914.55
511.6,6.41513,41601.4,-6477.85,17548.2,2619.55,-167.26,-4873.83
511.7,6.44259,41674.8,-8012.22,15008.5,2597.44,-73.0579,-4931.02
511.8,6.46308,41605.9,-7920.63,13705.6,2594.64,3.52362,-4988.28
511.9,6.46562,41473.3,-4870.09,14903.4,2566.5,34.0099,-4943.78
512.0,6.44956,41359.3,-1077.03,17763.4,2568.52,-17.255,-4914.21
512.1,6.4353,41385.9,-244.401,20229.0,2586.06,-85.1397,-4962.38
512.2,6.43758,41477.3,-1273.47,21031.8,2555.34,-92.5321,-5041.42
512.3,6.44644,41522.2,-2023.07,20869.0,2556.84,-51.3702,-5026.07
512.4,6.45413,41492.6,-2589.51,21413.2,2543.33,-42.4439,-4936.86
512.5,6.45637,41416.1,-4621.04,24146.9,2542.2,-105.446,-4909.36
512.6,6.4407,41309.9,-9187.92,27699.0,2554.97,-220.904,-4979.39
512.7,6.42069,41304.3,-12435.0,29220.8,2555.04,-270.048,-5083.83
512.8,6.4064,41371.6,-13358.6,28027.0,2545.93,-137.841,-5067.29
512.9,6.39646,41433.8,-13521.7,25200.3,2554.69,57.7726,-4989.33
513.0,6.39582,41512.6,-15587.0,23691.2,2577.18,169.855,-5006.07
513.1,6.3968,41515.3,-16906.2,25071.4,2568.86,117.018,-5136.45
513.2,6.39314,41502.0,-16585.7,28505.9,2564.58,-15.2998,-5119.63
513.3,6.38888,41525.6,-14974.6,31049.2,2569.82,-159.809,-4970.39
513.4,6.38936,41583.0,-15119.3,30735.4,2585.99,-231.669,-4930.08
513.5,6.39207,41642.7,-17533.9,27584.8,2592.31,-203.627,-5050.56
513.6,6.3993,41699.9,-18941.3,24109.9,2578.53,-93.4525,-5129.32
513.7,6.40287,41691.6,-18532.3,21688.3,2554.67,-54.7158,-5031.52
513.8,6.40042,41678.8,-16735.5,20370.8,2492.76,-66.4765,-4966.61
513.9,6.39585,41659.6,-15796.5,19279.4,2440.5,-29.3678,-5029.85
514.0,6.38392,41634.2,-16399.5,17478.8,2432.07,56.2912,-5058.09
514.1,6.37103,41660.3,-16184.0,15059.2,2442.58,110.822,-5011.64
514.2,6.36161,41693.2,-16248.0,13759.4,2430.19,97.5711,-4952.71
514.3,6.34592,41705.7,-17753.5,14103.3,2432.05,1.05138,-4987.86
514.4,6.33631,41788.7,-18433.2,15944.2,2426.72,-97.8964,-5125.83
514.5,6.33485,41853.5,-16456.2,18336.9,2409.48,-162.35,-5184.25
514.6,6.3349,41895.0,-12806.8,20316.2,2389.18,-168.877,-5095.05
514.7,6.33213,41908.7,-9922.4,20426.3,2334.38,-163.829,-5006.29
514.8,6.32766,41926.5,-9151.79,19093.7,2289.71,-75.6985,-5012.77
514.9,6.32294,41960.9,-8820.14,17060.6,2273.75,34.7326,-5007.63
515.0,6.3249,42041.4,-6860.74,15956.9,2257.06,114.463,-4917.13
515.1,6.33367,42073.5,-5611.95,16740.3,2274.82,86.7867,-4834.91
515.2,6.32669,42038.5,-6963.6,17771.7,2318.49,-44.9036,-4896.29
515.3,6.30755,42024.0,-10929.8,17193.2,2336.46,-100.625,-5038.6
515.4,6.28441,42064.9,-13944.3,14914.1,2347.58,-40.559,-5138.32
515.5,6.26805,42214.0,-13786.8,12120.8,2348.55,25.169,-5139.98
515.6,6.27889,42413.9,-13395.3,11630.4,2324.79,46.4835,-5051.04
515.7,6.29273,42429.6,-15388.0,14277.7,2300.1,-14.5245,-5020.08
515.8,6.2816,42348.7,-16289.1,17521.6,2311.22,-119.734,-5104.93
515.9,6.26005,42298.5,-15974.8,18650.2,2345.86,-147.588,-5023.45
516.0,6.2332,42320.9,-14019.7,16997.5,2381.81,-60.8148,-4859.05
516.1,6.21248,42474.6,-13564.1,13057.2,2427.88,26.4075,-4840.15
516.2,6.22177,42665.3,-14909.4,9923.74,2430.37,83.0845,-4992.53
516.3,6.23285,42696.0,-15216.6,10162.5,2409.09,96.7917,-5105.63
516.4,6.22974,42642.4,-13166.8,12612.5,2358.86,9.31462,-5055.33
516.5,6.22009,42605.6,-11614.6,15094.7,2322.63,-117.525,-4994.83
516.6,6.20476,42615.9,-12147.6,16112.7,2311.35,-143.494,-5085.3
516.7,6.18951,42718.5,-13164.2,14687.9,2308.35,-94.0504,-5165.53
516.8,6.18955,42872.7,-11584.0,12509.8,2338.56,-56.1781,-5073.24
516.9,6.18832,42934.1,-8214.41,11588.6,2367.53,-55.5573,-4911.19
517.0,6.1791,42941.7,-6493.16,11881.1,2402.69,-86.7083,-4885.9
517.1,6.16578,42961.3,-6706.31,12474.3,2424.64,-102.022,-4992.34
517.2,6.14934,42996.8,-6630.09,12298.4,2426.5,-60.4207,-5012.26
517.3,6.1371,43091.2,-4217.82,11194.6,2400.46,2.66453,-4939.68
517.4,6.13288,43196.8,-2870.67,10294.8,2377.1,30.8056,-4898.77
517.5,6.1307,43253.0,-4613.2,10831.3,2362.57,2.14975,-4994.53
517.6,6.12396,43283.5,-7353.09,12932.5,2373.77,-68.7278,-5140.73
517.7,6.11641,43310.4,-7788.32,15751.5,2405.95,-149.344,-5171.89
517.8,6.10346,43337.2,-6010.74,18293.3,2422.36,-182.607,-5080.49
517.9,6.08957,43396.7,-4562.54,19576.1,2414.46,-171.955,-5002.72
518.0,6.08275,43501.6,-5511.93,19428.0,2441.95,-128.57,-4972.93
518.1,6.08787,43608.1,-7521.31,18621.7,2483.04,-58.167,-4934.35
518.2,6.0954,43655.0,-7927.92,17740.0,2518.34,-12.1333,-4892.96
518.3,6.09404,43626.3,-7652.11,17157.2,2518.26,-15.6982,-4861.61
518.4,6.07878,43600.9,-7724.56,17216.4,2526.3,-32.5597,-4941.33
518.5,6.05922,43640.8,-8377.07,17610.4,2533.08,-59.6585,-5095.85
518.6,6.0422,43748.9,-9035.35,17936.7,2524.69,-87.9685,-5190.05
518.7,6.03598,43890.5,-7501.46,18124.6,2537.05,-92.5205,-5200.28
518.8,6.03212,43966.1,-6543.6,18240.3,2561.98,-86.7103,-5093.8
518.9,6.02654,44004.1,-6560.06,18717.9,2590.05,-70.7262,-5002.18
519.0,6.01431,44005.3,-7625.39,19474.3,2602.13,-90.0309,-4947.17
519.1,5.9984,44048.9,-8023.75,19407.8,2614.06,-132.756,-4867.5
519.2,5.99187,44163.5,-6044.78,17766.2,2602.8,-131.034,-4801.17
519.3,5.99331,44256.8,-4606.66,14965.9,2571.56,-67.1368,-4785.76
519.4,5.99029,44301.2,-5387.43,12506.3,2553.81,23.3543,-4905.33
519.5,5.9848,44309.3,-7856.63,12036.7,2549.47,59.1435,-5083.41
519.6,5.97103,44316.8,-10567.9,13598.8,2559.66,12.8874,-5146.36
519.7,5.96031,44391.4,-12291.1,15633.9,2586.86,-58.9217,-5108.29
519.8,5.95634,44481.6,-13073.0,16477.5,2591.4,-91.3191,-5058.22
519.9,5.95646,44555.2,-14020.8,15461.5,2635.15,-95.6608,-4998.05
520.0,5.9548,44591.3,-12978.1,13184.7,2650.48,-100.96,-4939.25
520.1,5.95189,44614.3,-9747.3,11140.3,2647.81,-100.926,-4859.82
520.2,5.94292,44624.4,-6291.07,10300.4,2619.51,-82.4057,-4814.51
520.3,5.93188,44666.9,-3915.51,10039.7,2592.49,-81.524,-4893.54
520.4,5.92514,44743.6,-3917.25,10017.9,2599.64,-38.3771,-5001.52
520.5,5.91436,44771.9,-4241.29,9826.35,2600.39,35.9827,-5070.25
520.6,5.89284,44787.4,-2913.89,9435.83,2571.17,77.833,-5082.67
520.7,5.87112,44860.8,-2225.28,9767.7,2561.83,58.5527,-5024.11
520.8,5.86083,45000.1,-3082.16,11783.0,2604.83,-8.24975,-4998.77
520.9,5.86315,45102.2,-4275.89,14819.1,2631.73,-119.912,-5051.46
521.0,5.87405,45089.9,-5685.52,17723.2,2664.69,-218.85,-5053.84
521.1,5.87757,45061.4,-6597.83,19660.0,2716.94,-222.048,-5013.95
521.2,5.86812,45021.8,-6470.66,19565.3,2697.43,-159.656,-5037.29
521.3,5.85708,45041.6,-6029.46,17648.8,2699.69,-74.8978,-5083.32
521.4,5.85857,45089.1,-5225.13,15098.9,2709.42,34.7096,-5073.56
521.5,5.86814,45093.4,-4541.02,13454.4,2702.26,141.228,-5039.18
521.6,5.86774,45044.6,-4609.14,13209.9,2704.26,143.02,-5066.53
521.7,5.84924,44990.1,-4680.3,13986.3,2688.06,64.8757,-5109.69
521.8,5.82068,44981.9,-3449.51,14831.1,2693.23,-28.5882,-5092.76
521.9,5.79909,45025.5,-1949.17,15401.0,2704.79,-55.5574,-5022.19
522.0,5.79991,45095.7,-1928.96,16062.3,2744.84,-56.9587,-4997.64
522.1,5.8113,45099.0,-4049.81,17416.9,2751.64,-78.102,-5032.73
522.2,5.81434,45052.3,-5422.17,19314.4,2751.57,-99.0467,-5051.79
522.3,5.80042,45002.6,-6376.08,20948.9,2735.87,-67.2305,-4953.89
522.4,5.77681,44994.8,-7178.59,21051.8,2717.93,-15.8476,-4895.09
522.5,5.76208,45049.4,-9559.03,20280.7,2690.77,73.1403,-4949.4
522.6,5.76654,45093.1,-12913.7,19784.6,2712.43,124.147,-5041.04
522.7,5.77136,45074.6,-14289.5,20183.8,2696.08,88.3655,-5080.55
522.8,5.77032,45046.7,-13791.3,21507.1,2693.87,10.7718,-5056.4
522.9,5.75306,44997.6,-14628.7,22556.6,2718.47,-61.6761,-5024.68
523.0,5.73694,45035.3,-17538.1,22007.4,2766.72,-89.2858,-5063.43
523.1,5.74045,45099.8,-20101.9,20125.3,2793.13,-65.9495,-5096.61
523.2,5.75548,45116.7,-19422.7,18311.6,2792.72,-3.35325,-5032.79
523.3,5.76475,45074.2,-16393.5,17047.7,2789.41,3.10625,-4900.54
523.4,5.75765,45024.3,-14371.3,17037.9,2762.43,6.50625,-4860.39
523.5,5.72908,44962.1,-14828.1,17337.2,2727.49,27.1518,-4940.17
523.6,5.69806,44995.1,-15088.3,17149.5,2724.89,69.2872,-5025.63
523.7,5.68765,45058.4,-15412.8,16556.0,2733.04,99.1517,-4986.25
523.8,5.6871,45072.8,-15379.1,16548.7,2749.58,99.113,-4985.02
523.9,5.6818,45032.2,-16374.4,17312.8,2752.88,33.8018,-5058.72
524.0,5.66579,45013.0,-17714.9,19130.0,2778.16,-39.9825,-5099.9
524.1,5.64508,45003.3,-18315.1,20742.6,2767.47,-115.044,-5038.77
524.2,5.64048,45083.9,-18801.8,21800.5,2782.98,-112.074,-4984.04
524.3,5.65631,45122.7,-19903.1,21644.3,2812.98,-89.4851,-5000.94
524.4,5.67136,45097.8,-21129.3,20574.4,2826.46,-33.2357,-5018.76
524.5,5.66895,45030.4,-22047.6,18743.6,2855.83,34.5957,-4987.27
524.6,5.64974,44994.3,-22182.7,16775.2,2881.78,103.402,-4987.88
524.7,5.62936,45031.1,-21521.7,14659.4,2918.82,120.474,-5052.59
524.8,5.63406,45109.6,-19810.5,13130.3,2926.88,112.205,-5097.5
524.9,5.64579,45090.8,-17624.7,11919.3,2904.36,48.637,-5052.47
525.0,5.65016,45070.2,-14604.3,11008.8,2898.9,-8.51456,-5050.0
525.1,5.63766,45002.7,-11692.0,10221.2,2870.11,-55.7048,-5060.08
525.2,5.60732,44967.2,-8374.05,9639.34,2825.06,-74.1181,-5034.61
525.3,5.58675,45038.1,-4586.18,9278.14,2836.61,-68.4901,-4968.46
525.4,5.58697,45084.7,-1608.31,9655.1,2822.83,-14.408,-4912.32
525.5,5.59371,45086.2,-1526.14,11105.0,2844.47,56.5344,-4906.12
525.6,5.59192,45037.4,-4395.24,12704.9,2890.47,65.091,-4919.8
525.7,5.57053,44988.7,-6495.46,14073.2,2910.82,73.558,-4973.63
525.8,5.54509,44988.8,-9615.55,15170.2,2917.86,104.478,-4951.96
525.9,5.53034,45053.0,-13550.4,16018.1,2921.15,80.042,-4978.05
526.0,5.54773,45154.7,-18669.1,17757.4,2928.6,37.8148,-5102.92
526.1,5.5737,45124.6,-23835.1,20404.4,2936.28,-32.9873,-5210.63
526.2,5.57988,45058.3,-26280.5,22307.1,2933.32,-101.573,-5238.91
526.3,5.5726,45031.8,-26547.9,22585.4,2927.66,-88.6072,-5166.81
526.4,5.55706,45016.3,-27289.6,21227.0,2951.79,-0.8845,-5060.69
526.5,5.55329,45089.3,-28335.4,18589.8,2986.9,82.5068,-5027.88
526.6,5.57237,45138.6,-28282.7,16074.1,3028.14,125.502,-5023.49
526.7,5.58217,45068.1,-25693.4,14658.1,3062.92,142.249,-4979.68
526.8,5.57043,45010.3,-22635.4,14462.0,3103.32,141.428,-4934.65
526.9,5.53689,44942.0,-20357.0,14616.5,3097.84,71.3585,-4997.81
527.0,5.49566,44959.7,-18161.9,14607.7,3081.21,12.2801,-5144.91
527.1,5.47733,45051.5,-16114.3,13914.3,3065.01,4.49925,-5152.33
527.2,5.48325,45101.1,-13855.0,13166.9,3055.98,29.9097,-5086.27
527.3,5.49413,45091.4,-13409.1,13546.7,3080.99,64.719,-5051.35
527.4,5.48934,45021.1,-13127.5,15094.0,3101.44,40.1707,-5074.06
527.5,5.46581,44981.6,-11715.6,17422.9,3102.4,6.55046,-5024.18
527.6,5.44335,45016.5,-9759.2,19029.3,3105.02,-10.5082,-4890.64
527.7,5.44302,45049.3,-9329.03,18705.4,3114.02,-4.2255,-4858.24
527.8,5.46265,45038.8,-11530.2,17040.8,3119.2,63.9181,-4984.55
527.9,5.48494,45015.9,-14745.3,15618.7,3135.26,138.748,-5099.69
528.0,5.49178,45060.4,-15938.5,15896.2,3126.56,156.048,-5129.44
528.1,5.48629,45040.6,-16331.3,17344.9,3118.37,73.5904,-5088.28
528.2,5.48367,45071.4,-17363.0,18600.4,3133.71,11.1309,-5104.86
528.3,5.49097,45104.4,-17970.5,17942.2,3159.92,8.41613,-5151.94
528.4,5.50327,45105.1,-16474.0,15076.1,3218.62,38.5825,-5095.67
528.5,5.50988,45071.7,-13252.7,12161.1,3249.86,103.24,-4932.25
528.6,5.49382,44985.1,-9988.08,10974.9,3247.79,132.053,-4857.38
528.7,5.46057,44971.0,-7552.9,12122.1,3268.88,113.509,-4932.96
528.8,5.43645,45009.5,-5379.21,14841.5,3277.3,83.2542,-4981.57
528.9,5.42101,45030.5,-3170.46,17676.9,3256.01,90.501,-4946.74
529.0,5.41412,45051.7,-2578.26,19886.8,3228.65,133.337,-4951.84
529.1,5.40548,45027.5,-5262.39,22229.0,3198.09,166.13,-5049.11
529.2,5.39023,45017.3,-9617.08,25205.1,3176.98,124.731,-5123.07
529.3,5.38415,45019.7,-13072.8,28789.9,3174.67,29.9018,-5111.12
529.4,5.39544,44948.9,-16591.5,31600.6,3214.13,-49.657,-5036.79
529.5,5.41926,44869.6,-20315.0,32045.7,3269.91,-69.7554,-5055.28
529.6,5.44401,44847.2,-23578.2,30498.0,3314.77,28.7943,-5127.4
529.7,5.45398,44910.6,-25299.5,28561.5,3365.05,157.541,-5120.18
529.8,5.45356,45101.8,-25721.6,27553.1,3412.73,224.152,-5052.43
529.9,5.45999,45088.7,-25437.4,28016.5,3429.54,223.434,-5055.3
530.0,5.46772,45085.1,-26550.7,28760.5,3443.5,183.377,-5051.83
530.1,5.46839,45068.0,-26732.0,27694.0,3417.35,130.213,-5049.61
530.2,5.46149,45034.5,-26287.7,24807.3,3426.12,119.142,-5018.64
530.3,5.43916,44987.2,-25116.9,21364.0,3389.17,124.909,-5019.6
530.4,5.41426,45006.5,-24254.2,18913.3,3353.38,91.1596,-5037.53
530.5,5.40363,45050.4,-22630.8,18914.5,3355.17,52.6076,-5041.95
530.6,5.39662,45038.9,-20399.2,20192.8,3372.69,7.21,-5005.5
530.7,5.38467,45018.6,-17207.3,20853.7,3379.21,-2.68375,-4963.33
530.8,5.36115,44975.1,-14884.9,19735.9,3378.66,34.475,-4909.62
530.9,5.32856,44974.6,-14247.7,16520.4,3381.79,94.6581,-4874.91
531.0,5.3244,45073.0,-14829.2,13177.9,3400.04,182.936,-4893.6
531.1,5.35422,44986.7,-15095.8,11917.1,3404.89,214.077,-4961.83
531.2,5.39227,44863.2,-15135.6,13397.4,3399.68,125.465,-4992.77
531.3,5.41689,44827.4,-15606.5,16294.2,3386.47,-12.316,-5017.09
531.4,5.41624,44895.1,-16646.7,18320.5,3373.32,-89.9453,-5109.48
531.5,5.40656,45090.2,-17399.7,17838.0,3373.75,-46.3018,-5194.03
531.6,5.42652,45155.1,-16228.9,15780.9,3376.04,50.1973,-5172.29
531.7,5.46118,45166.8,-14434.3,14362.0,3399.65,101.938,-5027.61
531.8,5.48355,45108.8,-13180.5,14451.7,3419.82,94.012,-4948.87
531.9,5.47411,44993.4,-12842.6,15668.7,3442.92,64.7387,-4970.07
532.0,5.43201,44925.3,-11719.7,16491.2,3470.46,64.773,-4982.62
532.1,5.39558,44994.2,-8262.39,15795.2,3486.76,83.575,-4954.75
532.2,5.38888,45079.1,-4808.34,14660.4,3491.53,119.088,-4928.75
532.3,5.39424,45078.7,-3336.26,14434.2,3494.59,149.008,-5007.52
532.4,5.39205,45032.0,-3520.87,15745.4,3487.16,115.082,-5116.29
532.5,5.36706,44954.4,-3313.91,18502.0,3457.22,59.0259,-5128.54
532.6,5.33347,44976.8,-2925.52,21769.7,3426.16,47.1463,-5048.02
532.7,5.32734,45071.2,-4449.55,24275.3,3394.62,45.8751,-4978.86
532.8,5.35838,45052.0,-8139.59,26230.9,3379.95,67.0291,-5015.06
532.9,5.40471,44973.2,-11950.8,28340.3,3375.39,97.7065,-5047.43
533.0,5.43367,44942.2,-13869.1,31103.1,3395.25,104.89,-5026.71
533.1,5.43681,45040.4,-14517.5,34531.2,3433.97,97.0289,-5014.23
533.2,5.42958,45041.3,-16503.0,37418.0,3483.7,66.4308,-5069.96
533.3,5.44082,45138.8,-19170.3,39328.1,3560.85,85.4674,-5181.69
533.4,5.46865,45151.0,-21898.2,39658.3,3619.99,98.9972,-5201.03
533.5,5.48579,45094.5,-23828.1,38891.7,3668.81,109.247,-5133.85
533.6,5.47718,45008.9,-25528.0,37693.1,3710.34,122.045,-5073.17
533.7,5.44302,44955.1,-27593.2,35975.5,3754.45,115.444,-5044.75
533.8,5.41193,45001.8,-29326.7,33876.0,3751.36,123.573,-5036.48
533.9,5.40096,45058.6,-30414.1,31593.6,3734.34,137.075,-5016.31
534.0,5.40263,45078.2,-30804.4,29281.0,3694.81,143.543,-5011.18
534.1,5.39862,45026.8,-30460.0,27184.2,3625.45,153.279,-5051.36
534.2,5.3732,44956.5,-29306.9,25873.6,3571.37,165.329,-5075.86
534.3,5.34074,44977.8,-27779.9,25078.6,3543.33,152.784,-5049.76
534.4,5.33533,45026.0,-25678.7,24211.9,3540.86,90.0013,-5005.2
534.5,5.36411,44922.0,-24058.4,23079.5,3598.92,42.561,-4964.11
534.6,5.40735,44752.0,-22346.8,21494.2,3657.32,41.3558,-4950.94
534.7,5.43413,44608.2,-22243.5,19331.6,3696.45,51.1937,-4897.75
534.8,5.4393,44606.6,-22399.9,17712.4,3738.94,104.52,-4911.5
534.9,5.44017,44656.4,-23308.5,16732.3,3739.14,146.814,-4940.01
535.0,5.45511,44756.8,-24614.1,16452.0,3726.78,165.88,-4955.06
535.1,5.49017,44849.9,-24955.5,16435.0,3719.88,157.032,-5025.5
535.2,5.51717,44953.8,-24293.5,16403.6,3703.61,157.83,-5098.62
535.3,5.51605,45074.3,-23040.3,16461.2,3693.35,167.504,-5088.9
535.4,5.49333,44977.8,-22178.6,16894.0,3709.33,138.21,-5025.62
535.5,5.46588,44998.4,-20669.6,17411.4,3713.98,77.6618,-5011.92
535.6,5.46326,45099.1,-18389.8,17799.7,3757.02,54.0068,-5005.42
535.7,5.4739,45084.0,-13441.4,18196.3,3756.42,84.543,-4958.44
535.8,5.46639,45015.5,-7967.78,18346.3,3769.99,104.076,-4865.87
535.9,5.44118,44963.5,-3310.45,18597.4,3780.61,109.972,-4852.46
536.0,5.40505,44951.7,-792.576,19444.1,3773.64,139.742,-4934.07
536.1,5.38015,45017.5,1191.2,20394.7,3770.3,146.312,-5010.04
536.2,5.39027,44980.8,3483.07,21494.9,3757.33,111.635,-5020.41
536.3,5.4172,44753.5,4319.38,23331.0,3723.71,80.3633,-4995.36
536.4,5.43514,44504.7,2556.82,25281.3,3732.23,49.1053,-5051.53
536.5,5.44634,44304.3,-498.312,27133.6,3735.94,25.995,-5123.67
536.6,5.45548,44098.3,-2523.07,28905.9,3716.07,28.4244,-5100.92
536.7,5.47892,43977.4,-4988.27,30606.8,3728.2,64.0577,-4986.36
536.8,5.52268,43889.9,-8823.09,32248.9,3737.78,84.0625,-5001.93
536.9,5.55395,43833.5,-12836.1,33247.7,3754.94,80.8248,-5145.57
537.0,5.55668,43981.0,-15464.6,33326.2,3750.32,126.145,-5180.57
537.1,5.53818,44246.9,-14897.6,32383.1,3741.42,170.961,-5128.46
537.2,5.51496,44584.9,-14266.3,31293.3,3769.63,206.077,-5114.39
537.3,5.50901,44894.2,-15864.2,31034.1,3824.64,215.831,-5165.43
537.4,5.50933,45093.7,-18154.1,32051.8,3886.59,191.553,-5201.85
537.5,5.4949,44977.8,-19306.4,33182.5,3909.12,139.253,-5121.35
537.6,5.46178,44950.6,-20883.7,33177.3,3899.0,100.824,-4969.91
537.7,5.42587,44970.4,-22547.3,31092.2,3885.56,105.143,-4953.33
537.8,5.41282,44959.1,-26137.0,27735.5,3877.19,161.123,-4982.83
537.9,5.42575,44758.3,-27968.1,24327.7,3864.59,173.557,-5042.17
538.0,5.45081,44467.8,-27551.2,22368.2,3824.96,169.147,-5069.0
538.1,5.46847,44164.2,-26440.7,21641.0,3789.71,145.682,-5064.86
538.2,5.47521,43928.9,-25845.1,21143.5,3796.39,118.862,-5094.62
538.3,5.48623,43737.4,-25320.3,19556.0,3800.93,118.772,-5126.41
538.4,5.51266,43562.5,-24214.9,16761.2,3831.6,154.653,-5061.74
538.5,5.54847,43406.1,-22625.5,13906.9,3855.55,211.411,-4919.06
538.6,5.57138,43304.8,-21455.4,12683.1,3857.35,232.397,-4865.73
538.7,5.57529,43318.7,-21835.6,13876.0,3867.07,179.028,-4883.29
538.8,5.56782,43408.8,-21692.7,16552.7,3869.54,96.3331,-4944.85
538.9,5.56139,43515.5,-21489.7,18603.5,3849.11,42.2185,-4963.13
539.0,5.5561,43619.8,-20675.9,18935.0,3841.6,61.3257,-5030.23
539.1,5.54368,43694.8,-20532.5,16950.6,3817.21,89.2416,-5108.9
539.2,5.52423,43801.4,-19008.8,14346.2,3799.06,147.727,-5153.9
539.3,5.50741,43853.5,-16415.2,13021.7,3805.58,216.222,-5078.32
539.4,5.50015,43835.5,-13529.2,13643.7,3828.11,221.561,-4975.79
539.5,5.50719,43756.8,-11225.6,16045.1,3857.52,185.771,-4957.81
539.6,5.51134,43569.9,-9875.47,18852.2,3884.86,148.133,-4960.49
539.7,5.50162,43422.6,-7733.42,20237.8,3924.27,111.719,-4936.95
539.8,5.49382,43289.7,-5624.42,20347.7,3918.13,113.817,-4903.08
539.9,5.49108,43052.3,-5140.57,20444.5,3899.98,112.281,-4940.2
540.0,5.5081,42812.4,-7293.77,21327.5,3929.93,85.086,-5057.59
540.1,5.54949,42472.4,-9464.42,23177.0,3916.33,59.4893,-5159.42
540.2,5.58063,42068.0,-10420.6,25005.7,3917.54,65.4215,-5161.67
540.3,5.58849,41842.7,-10481.9,25894.1,3927.37,141.51,-5095.22
540.4,5.58792,41723.3,-11107.7,25595.7,3922.81,216.51,-5059.4
540.5,5.58303,41684.5,-12362.7,24905.1,3929.99,258.355,-5055.9
540.6,5.59151,41719.1,-13361.9,24795.6,3917.46,272.81,-5001.81
540.7,5.60068,41697.3,-13103.2,25519.7,3896.39,230.408,-4943.24
540.8,5.59223,41719.0,-13038.0,26701.7,3884.91,168.027,-4939.46
540.9,5.57361,41815.2,-12887.9,28085.4,3904.4,147.978,-5032.78
541.0,5.55056,41855.6,-13352.8,29523.2,3902.37,137.189,-5087.29
541.1,5.53178,41887.9,-14723.1,30405.8,3907.67,132.607,-5074.91
541.2,5.5344,41858.0,-17542.8,30762.7,3916.8,162.97,-5050.71
541.3,5.54223,41692.1,-20659.4,30502.1,3944.42,214.503,-5058.9
541.4,5.55234,41513.5,-23046.2,29844.9,3967.92,254.511,-5031.7
541.5,5.56008,41256.7,-22562.7,29181.0,3950.0,232.338,-4980.82
541.6,5.55975,40993.9,-21892.6,28642.7,3956.67,190.39,-4951.69
541.7,5.5731,40790.9,-22623.6,27534.9,3972.92,150.06,-4990.98
541.8,5.59868,40541.9,-23033.7,25604.9,3974.75,124.535,-5094.45
541.9,5.62965,40327.4,-21695.3,23221.9,3966.22,143.534,-5097.93
542.0,5.65718,40184.7,-19139.8,21170.6,3977.18,184.851,-5005.28
542.1,5.67608,40118.6,-18035.3,20314.6,3992.68,219.685,-4928.07
542.2,5.68232,40159.1,-19243.6,20620.9,4022.73,223.256,-4934.51
542.3,5.68338,40280.9,-20405.2,21143.3,4061.01,207.285,-4941.68
542.4,5.6745,40440.0,-20019.4,20845.3,4085.59,199.634,-4883.53
542.5,5.6559,40625.5,-19049.0,19662.6,4098.84,235.115,-4881.87
542.6,5.63332,40765.1,-20826.7,18522.6,4123.9,250.685,-4944.09
542.7,5.60839,40827.1,-23715.8,18422.4,4128.36,206.195,-5072.24
542.8,5.59226,40800.2,-24737.9,18881.5,4119.52,126.015,-5134.35
542.9,5.59331,40673.3,-22711.2,19276.4,4106.33,90.395,-5074.58
543.0,5.60194,40449.6,-19459.9,18553.2,4078.73,109.414,-4986.93
543.1,5.61788,40234.2,-17846.1,17157.1,4070.48,157.35,-4946.31
543.2,5.63828,40017.2,-17917.7,16373.8,4102.08,214.915,-4940.13
543.3,5.66048,39812.9,-16787.8,16719.6,4123.16,222.985,-4929.95
543.4,5.68424,39665.8,-14506.6,18217.6,4140.02,201.174,-4883.51
543.5,5.70168,39551.5,-12116.0,19666.7,4144.22,155.446,-4891.65
543.6,5.71058,39526.1,-12174.0,20231.8,4113.23,132.269,-4956.64
543.7,5.71929,39595.2,-13037.0,20268.6,4112.01,152.313,-5071.47
543.8,5.73306,39687.8,-14594.9,20278.8,4113.28,154.799,-5078.68
543.9,5.75378,39807.7,-15611.9,20854.0,4106.49,116.298,-5048.86
544.0,5.77029,39932.2,-16134.3,22025.9,4133.97,71.7398,-5068.08
544.1,5.76672,40099.0,-16021.1,22702.2,4163.1,61.377,-5087.3
544.2,5.74879,40322.3,-14292.9,22292.4,4179.79,96.59,-5060.39
544.3,5.71686,40527.8,-12726.9,21129.3,4196.7,177.397,-4980.13
544.4,5.69075,40726.2,-12389.1,20006.4,4213.41,261.445,-4943.21
544.5,5.68551,40815.5,-12829.6,20174.1,4210.1,298.325,-4985.58
544.6,5.68769,40766.5,-13795.4,21704.1,4165.48,251.237,-4996.98
544.7,5.69307,40701.2,-14720.4,23990.8,4144.34,194.563,-4969.74
544.8,5.7026,40579.7,-15938.3,26345.0,4109.35,139.751,-4981.28
544.9,5.70885,40452.3,-16723.9,28395.2,4079.87,100.049,-5066.4
545.0,5.73062,40381.3,-16733.2,30247.8,4097.11,71.697,-5106.09
545.1,5.76587,40246.6,-16684.1,32408.0,4132.44,67.558,-5081.42
545.2,5.79551,40121.2,-18815.6,33864.9,4162.05,70.3835,-5031.56
545.3,5.82519,40120.5,-22183.1,34255.8,4217.94,123.126,-5057.02
545.4,5.84291,40128.8,-24378.7,33641.0,4243.76,194.896,-5026.92
545.5,5.84377,40286.4,-24457.5,32083.5,4238.43,213.971,-4895.69
545.6,5.84537,40570.0,-23834.6,30442.4,4214.3,186.24,-4825.17
545.7,5.8457,40842.9,-24922.5,29369.2,4199.67,147.559,-4923.19
545.8,5.83945,41137.4,-26993.6,28537.3,4189.09,115.766,-5085.98
545.9,5.82685,41387.1,-26640.1,27550.2,4137.09,86.9313,-5159.32
546.0,5.79739,41561.9,-24390.7,26052.4,4109.6,87.8248,-5120.6
546.1,5.77052,41726.0,-22897.0,23667.5,4134.25,145.535,-5091.59
546.2,5.75797,41768.8,-23042.6,20895.2,4142.92,214.706,-5097.52
546.3,5.75176,41693.7,-22169.3,18638.8,4161.35,250.258,-5069.12
546.4,5.75061,41580.1,-19134.5,17717.6,4153.49,229.407,-4907.75
546.5,5.75535,41431.9,-16682.0,18624.6,4142.42,180.544,-4749.85
546.6,5.76191,41225.2,-17395.5,19611.1,4147.61,87.7595,-4788.55
546.7,5.78375,41065.4,-20333.1,19636.2,4164.58,36.3904,-4960.2
546.8,5.82203,40854.0,-21812.1,18656.1,4152.95,51.6074,-5069.83
546.9,5.85537,40679.4,-22014.8,17590.5,4136.79,107.248,-5055.48
547.0,5.88277,40631.3,-22577.4,16713.6,4142.87,117.553,-5073.4
547.1,5.90226,40679.5,-24090.4,16671.6,4132.44,141.204,-5159.65
547.2,5.90987,40833.1,-24658.5,16935.9,4117.34,179.207,-5155.48
547.3,5.91633,41084.2,-22221.8,17010.6,4135.45,189.005,-5060.78
547.4,5.9155,41343.4,-18095.2,17240.3,4133.82,165.141,-4961.68
547.5,5.9004,41641.6,-15097.2,18037.0,4163.18,135.882,-4963.27
547.6,5.87484,41947.8,-12959.1,19000.6,4201.34,81.652,-5028.1
547.7,5.84395,42195.3,-9993.67,20049.0,4203.67,73.9563,-5045.28
547.8,5.82144,42369.7,-6989.01,21523.2,4187.22,131.654,-4976.65
547.9,5.81294,42431.3,-6038.23,23319.4,4197.56,177.273,-4959.07
548.0,5.82126,42396.6,-9209.06,26259.7,4199.26,222.091,-5008.38
548.1,5.82102,42224.7,-12629.0,29581.6,4173.93,200.313,-5082.48
548.2,5.81287,42083.7,-15081.5,32591.7,4181.13,172.542,-5048.85
548.3,5.81571,41971.3,-15683.3,34876.0,4199.28,137.467,-5007.61
548.4,5.82565,41771.8,-16409.1,35685.0,4220.42,66.2913,-5064.12
548.5,5.85435,41609.4,-18585.2,35675.1,4237.77,50.1007,-5132.32
548.6,5.89243,41319.8,-20124.0,35561.0,4261.02,48.2269,-5174.86
548.7,5.91616,41189.9,-20603.0,34973.7,4266.34,36.5677,-5147.83
548.8,5.94498,41186.4,-20113.4,33788.2,4254.67,78.3736,-5078.26
548.9,5.96787,41198.1,-19601.2,32142.3,4250.02,176.256,-5000.9
549.0,5.97593,41402.5,-20101.0,29848.9,4260.19,260.361,-4932.17
549.1,5.97513,41700.3,-20845.6,27520.5,4247.27,286.063,-4929.45
549.2,5.95564,42009.2,-22006.6,26742.6,4264.13,291.94,-4970.39
549.3,5.91508,42336.6,-23452.2,26352.0,4268.82,233.467,-5028.06
549.4,5.88279,42665.4,-23570.2,25932.9,4257.1,144.947,-5117.02
549.5,5.86199,42807.8,-22626.4,24708.7,4266.11,76.0277,-5163.04
549.6,5.85388,42902.2,-20097.1,22472.3,4252.94,80.0437,-5139.35
549.7,5.86028,42875.9,-16642.8,19698.1,4233.92,97.7079,-5054.51
549.8,5.86591,42800.5,-14771.5,18372.5,4241.96,152.99,-4929.19
549.9,5.87085,42730.0,-14527.5,17702.2,4257.2,156.31,-4846.0
550.0,5.88835,42672.4,-15179.7,17231.6,4293.41,153.321,-4823.3
550.1,5.91311,42577.4,-15038.1,16228.5,4332.76,199.969,-4830.7
550.2,5.93641,42524.2,-14997.7,14346.2,4349.94,233.843,-4834.73
550.3,5.95837,42549.3,-16839.2,13203.4,4366.64,252.113,-4889.24
550.4,5.97167,42572.9,-19690.5,13683.7,4333.38,200.243,-5028.92
550.5,5.97721,42717.0,-21285.6,14962.8,4288.19,102.671,-5104.69
550.6,5.9995,42916.3,-21475.0,16023.3,4256.67,44.3915,-5044.82
550.7,6.0253,43065.5,-20704.5,16197.9,4244.05,44.4793,-4998.96
550.8,6.04545,43304.5,-18658.1,16080.8,4226.81,103.264,-5040.34
550.9,6.04327,43560.4,-15036.5,16744.8,4241.68,136.847,-5020.73
551.0,6.0099,43919.9,-10994.1,18711.0,4346.75,166.368,-4896.22
551.1,5.97222,44320.0,-7912.71,21679.1,4408.15,205.552,-4843.57
551.2,5.93837,44452.6,-7167.7,24468.2,4423.02,188.626,-4924.86
551.3,5.91645,44560.0,-6878.15,26652.3,4432.73,175.519,-4987.23
551.4,5.91258,44591.6,-5455.99,27661.6,4389.4,123.785,-4942.56
551.5,5.91151,44479.8,-4184.24,27954.2,4335.51,75.2384,-4916.55
551.6,5.91723,44308.5,-5337.76,27945.8,4305.43,27.9291,-4999.61
551.7,5.93128,44073.0,-8157.09,28614.3,4288.72,24.0291,-5105.15
551.8,5.95162,43822.8,-9738.28,29665.1,4296.06,22.0636,-5136.08
551.9,5.98081,43586.3,-11009.0,30672.4,4322.33,48.3777,-5049.38
552.0,5.99531,43461.3,-12083.8,30688.4,4319.47,93.9469,-5023.1
552.1,5.98901,43548.1,-14289.5,29468.5,4317.92,177.465,-5017.64
552.2,5.97757,43692.5,-15572.3,27554.2,4287.01,238.787,-4967.87
552.3,5.98138,43885.6,-16485.4,25642.5,4268.58,206.876,-4851.43
552.4,6.00643,44061.5,-17376.8,24602.0,4225.71,157.183,-4834.94
552.5,6.03768,44242.3,-20705.8,24230.7,4194.0,94.1957,-4897.87
552.6,6.05423,44546.9,-22976.8,24460.4,4194.54,72.7757,-5059.22
552.7,6.05957,44398.8,-22928.3,24172.2,4173.17,46.9897,-5129.19
552.8,6.05815,44296.0,-21461.2,23852.6,4173.9,76.3587,-5093.11
552.9,6.0549,44197.6,-20136.5,22951.8,4205.44,127.974,-5066.0
553.0,6.05825,44157.5,-19981.5,21863.2,4225.79,160.238,-5047.41
553.1,6.05589,44077.7,-18307.3,20721.4,4246.66,130.846,-4972.92
553.2,6.04913,43995.3,-15324.4,19235.6,4246.62,83.4802,-4820.31
553.3,6.04623,43969.5,-13988.3,17569.5,4236.85,48.3783,-4694.48
553.4,6.05502,44005.7,-15511.4,16195.7,4239.08,33.6087,-4775.44
553.5,6.07312,44056.7,-16969.5,15043.5,4222.91,19.0805,-4979.64
553.6,6.09926,44068.9,-16598.4,14467.1,4197.67,22.9325,-5045.18
553.7,6.1121,43989.0,-15580.7,14305.4,4185.94,67.2141,-5000.37
553.8,6.10617,43903.3,-16189.2,13013.6,4156.24,83.2166,-5040.0
553.9,6.103,43927.8,-18919.3,11408.1,4112.78,154.346,-5105.62
554.0,6.11014,43967.4,-22214.1,10455.9,4100.47,222.659,-5040.94
554.1,6.12846,44000.8,-21897.2,10552.1,4119.31,182.778,-4925.74
554.2,6.15962,43933.9,-19900.3,12375.2,4118.73,77.8636,-4840.64
554.3,6.1718,43713.1,-19102.2,15402.5,4139.69,-1.68113,-4847.71
554.4,6.17099,43535.2,-19063.6,17952.3,4177.59,-38.5941,-4951.5
554.5,6.1728,43456.4,-19236.8,19046.9,4158.16,-41.1808,-5014.58
554.6,6.17791,43410.8,-18742.4,18905.1,4085.37,31.1304,-5006.4
554.7,6.18511,43383.7,-18229.2,17371.8,4005.41,101.501,-4986.11
554.8,6.20163,43343.4,-18632.2,16214.5,3963.91,186.491,-4985.14
554.9,6.20982,43198.6,-19946.9,16288.9,3955.32,200.856,-4980.54
555.0,6.19885,43048.8,-21031.6,16905.7,3936.28,140.47,-4953.64
555.1,6.17969,42961.4,-21983.8,17622.5,3914.02,72.2465,-4917.07
555.2,6.15801,42970.6,-23049.7,18255.8,3911.97,49.769,-4898.39
555.3,6.15317,43123.5,-23921.3,18461.2,3950.13,33.6032,-4933.93
555.4,6.17862,43271.8,-26188.2,18983.9,3975.52,24.2055,-4921.14
555.5,6.20321,43250.6,-28501.4,20052.3,4002.3,43.7728,-4928.95
555.6,6.21493,43137.6,-30629.6,20133.0,4002.74,33.7472,-4938.08
555.7,6.21603,43035.8,-31132.1,18523.5,3976.04,39.5547,-4965.05
555.8,6.21265,42996.9,-31507.5,14704.6,3916.31,88.0419,-4918.61
555.9,6.2258,43073.0,-30916.6,9601.49,3896.48,161.588,-4929.11
556.0,6.25261,43085.0,-28091.0,4862.6,3873.77,189.936,-5003.61
556.1,6.27971,42995.0,-24557.6,2619.82,3920.23,181.861,-4997.87
556.2,6.28658,42771.8,-20921.7,3106.78,3932.81,135.15,-4935.28
556.3,6.27342,42600.9,-18243.9,5226.04,3954.56,63.4757,-4915.73
556.4,6.26483,42583.8,-16869.8,7469.54,4009.54,6.15578,-4907.05
556.5,6.27169,42653.9,-15681.8,8801.05,4013.41,-5.4035,-4835.42
556.6,6.28997,42680.0,-14629.0,9232.28,4000.8,6.28716,-4755.1
556.7,6.29193,42557.4,-13798.3,8567.59,3980.0,-26.7849,-4794.32
556.8,6.27519,42444.2,-14699.1,7236.7,3972.73,-32.6154,-4888.96
556.9,6.257,42421.0,-14911.6,5206.15,3983.34,-10.2194,-5010.67
557.0,6.24883,42511.6,-13788.7,3015.73,3964.28,64.1622,-5065.76
557.1,6.26042,42626.3,-14097.3,1920.22,3956.44,155.056,-5020.98
557.2,6.27241,42616.7,-16086.6,2351.11,3930.72,178.796,-5019.05
557.3,6.27762,42569.0,-19368.2,3972.95,3932.39,148.725,-5036.79
557.4,6.2799,42527.7,-19157.2,5532.23,3937.21,83.8343,-5021.74
557.5,6.29232,42560.5,-17494.1,6808.13,3972.56,70.1892,-4859.44
557.6,6.32003,42605.2,-16460.9,8448.93,3993.6,87.2872,-4784.9
557.7,6.34569,42523.2,-19413.9,10705.1,4011.85,24.326,-4896.38
557.8,6.35549,42384.7,-23109.2,13336.9,4027.0,-48.7845,-5078.68
557.9,6.35301,42244.1,-23169.9,14544.2,3999.29,-69.7075,-5143.85
558.0,6.35093,42199.9,-20170.9,14077.2,3966.23,31.7057,-5050.8
558.1,6.35614,42193.4,-18426.5,12526.3,3901.15,152.682,-4964.1
558.2,6.36246,42148.3,-20623.2,11646.7,3831.78,202.354,-4974.38
558.3,6.36549,42075.2,-23548.1,12790.2,3829.98,168.424,-4994.11
558.4,6.35461,41960.5,-24748.6,15091.1,3830.61,64.8307,-4870.46
558.5,6.32976,41886.1,-24337.5,16110.9,3828.26,-79.8562,-4770.29
558.6,6.30549,41927.6,-24684.2,14784.8,3850.7,-133.995,-4830.99
558.7,6.29587,42060.2,-26191.6,11107.8,3868.69,-96.3789,-4956.72
558.8,6.30555,42192.0,-26393.6,6496.21,3885.93,-17.573,-5021.24
558.9,6.33346,42260.3,-25196.0,2989.16,3908.85,64.8729,-4979.56
559.0,6.35589,42178.0,-23709.7,704.568,3916.27,92.2176,-4943.6
559.1,6.37083,42071.3,-21742.9,-1261.01,3936.49,81.5648,-4956.52
559.2,6.38568,42011.9,-19332.9,-3292.88,3959.07,90.7461,-4904.71
559.3,6.39796,41962.0,-16855.3,-6051.05,3976.17,76.0099,-4788.55
559.4,6.41638,41958.3,-15077.1,-8160.93,3999.31,55.2139,-4765.56
559.5,6.43026,41875.7,-15581.5,-8890.12,4032.93,-10.4376,-4837.22
559.6,6.43195,41773.5,-14367.5,-8381.92,4029.31,-85.8672,-4944.09
559.7,6.43298,41700.4,-11304.2,-7265.34,3974.66,-115.175,-4927.58
559.8,6.42993,41643.3,-8224.79,-6490.9,3919.46,-90.1355,-4854.48
559.9,6.43293,41646.5,-6717.74,-6337.08,3887.02,-21.9772,-4866.79
560.0,6.43594,41599.8,-7144.92,-6072.7,3867.98,29.7747,-4934.28
560.1,6.42395,41509.0,-5085.75,-4964.42,3834.56,61.0057,-4965.63
560.2,6.40471,41478.8,-2249.16,-2860.91,3811.6,43.223,-4867.23
560.3,6.38941,41510.9,-941.328,635.69,3820.64,20.7708,-4846.16
560.4,6.38462,41587.9,-2284.54,4064.8,3887.19,-53.9893,-4992.16
560.5,6.39583,41676.7,-3483.93,6396.98,3881.11,-119.409,-5107.31
560.6,6.4139,41671.9,-1873.5,7737.18,3854.41,-97.5111,-5034.48
560.7,6.42886,41619.3,86.9866,8500.14,3828.07,-51.6339,-4887.31
560.8,6.45244,41618.7,-548.966,9358.16,3823.73,-48.6189,-4909.04
560.9,6.48585,41587.9,-5200.47,11244.9,3824.85,-60.6034,-4993.16
561.0,6.50795,41475.0,-8797.98,13199.0,3792.88,-59.2583,-5034.24
561.1,6.51458,41349.5,-9552.04,13959.9,3733.23,-17.6652,-4999.44
561.2,6.51029,41232.8,-10600.2,14104.0,3662.71,74.8142,-4949.27
561.3,6.49553,41180.9,-15878.8,14171.7,3658.95,129.945,-4970.74
561.4,6.48655,41200.4,-22568.0,14099.5,3627.67,83.8539,-5070.48
561.5,6.48694,41214.0,-25392.8,14448.1,3582.38,24.8621,-5107.87
561.6,6.47905,41166.1,-23830.5,14098.9,3550.73,-39.9855,-4978.24
561.7,6.47206,41149.3,-22043.4,12686.5,3528.54,-75.908,-4865.88
561.8,6.4705,41145.6,-22855.9,11455.6,3540.2,-52.2282,-4953.38
561.9,6.46492,41126.9,-23447.2,9890.76,3585.61,-52.2159,-5102.11
562.0,6.47057,41188.9,-20915.2,8377.97,3668.79,-2.96825,-5042.57
562.1,6.48064,41159.3,-15944.5,6720.67,3716.37,64.286,-4869.39
562.2,6.47963,41108.6,-13798.6,4600.73,3739.15,124.243,-4794.66
562.3,6.48659,41117.8,-14324.4,2123.68,3751.45,127.207,-4896.87
562.4,6.50063,41107.0,-14995.6,167.925,3736.38,83.6302,-4915.6
562.5,6.51839,41113.5,-13456.0,-1127.83,3701.63,8.0825,-4823.47
562.6,6.5482,41112.7,-12857.2,-2012.66,3690.26,-87.1038,-4801.9
562.7,6.5677,40998.3,-14141.7,-2572.64,3681.71,-134.551,-5009.92
562.8,6.56786,40878.5,-14482.3,-3054.8,3640.14,-92.8783,-5212.29
562.9,6.55771,40809.1,-11339.3,-3185.85,3584.72,-2.45813,-5168.58
563.0,6.54791,40821.1,-7535.57,-2223.3,3572.5,96.4905,-4972.21
563.1,6.54602,40861.5,-6971.71,-291.055,3572.41,139.225,-4895.57
563.2,6.54204,40837.6,-7945.41,2487.65,3566.49,121.205,-4980.73
563.3,6.5228,40743.8,-6439.64,5279.96,3527.69,53.708,-4946.07
563.4,6.49744,40737.8,-1559.16,6984.45,3481.69,-45.5173,-4786.31
563.5,6.49306,40841.8,2218.64,7991.2,3478.61,-94.5007,-4799.16
563.6,6.51081,40943.3,-497.434,9357.88,3484.2,-74.8885,-5001.46
563.7,6.53273,40946.3,-3672.4,11176.6,3477.04,-77.2336,-5270.41
563.8,6.55401,40891.7,-3121.12,13368.9,3475.53,-77.7001,-5246.2
563.9,6.56161,40794.7,-743.842,14810.3,3478.5,-36.7029,-4983.96
564.0,6.56155,40807.1,-2189.43,13700.3,3506.33,10.72,-4850.91
564.1,6.56964,40847.9,-7261.19,10586.0,3484.04,80.1535,-4942.25
564.2,6.57953,40827.5,-11727.6,7647.49,3411.86,149.967,-4939.92
564.3,6.58021,40805.2,-13858.1,6081.29,3355.2,118.874,-4754.09
564.4,6.58291,40821.8,-16329.1,6661.95,3332.28,22.612,-4734.19
564.5,6.57898,40779.4,-22102.0,8499.79,3319.01,-60.424,-4983.87
564.6,6.56704,40774.3,-28011.4,9695.11,3318.18,-67.7295,-5224.99
564.7,6.55803,40781.2,-29285.4,9132.1,3307.8,-37.4427,-5190.44
564.8,6.54419,40766.9,-27270.3,7134.86,3312.97,12.017,-5009.48
564.9,6.53426,40790.8,-26695.6,4365.67,3328.5,57.0527,-4934.6
565.0,6.52942,40805.2,-28352.9,2150.56,3366.54,79.8008,-4971.66
565.1,6.52552,40789.2,-27887.1,579.081,3374.13,41.3676,-4931.29
565.2,6.52553,40825.8,-23582.9,-628.725,3400.24,-4.11637,-4809.02
565.3,6.5388,40851.2,-18720.3,-1813.67,3431.5,-17.8926,-4753.7
565.4,6.54631,40816.3,-17956.7,-3805.12,3432.88,-27.49,-4830.67
565.5,6.55835,40860.3,-19679.0,-6088.47,3448.44,10.1663,-4982.26
565.6,6.57674,40855.4,-20183.7,-7772.35,3464.18,44.5632,-5040.74
565.7,6.58972,40837.5,-17998.3,-8635.41,3422.28,27.6631,-4985.08
565.8,6.60441,40856.1,-15559.4,-8452.18,3408.86,-6.21602,-4935.47
565.9,6.61074,40791.9,-13687.2,-7561.18,3385.91,-49.4937,-4977.33
566.0,6.5925,40747.4,-11425.3,-7089.61,3360.77,-71.3146,-5011.1
566.1,6.57352,40752.5,-8753.17,-7070.47,3353.1,-60.3971,-4930.3
566.2,6.54971,40735.1,-6011.31,-7139.27,3340.93,-36.1415,-4845.7
566.3,6.53476,40795.5,-5170.65,-7040.94,3330.43,2.65225,-4848.24
566.4,6.54019,40832.1,-4448.32,-5962.33,3314.64,11.2981,-4905.28
566.5,6.54099,40800.1,-3201.42,-3459.61,3298.36,-0.8545,-4898.25
566.6,6.53547,40790.7,-2332.63,-242.825,3282.45,-35.9632,-4864.84
566.7,6.53062,40786.1,-4475.31,3165.81,3261.5,-93.1618,-4934.02
566.8,6.52287,40792.8,-7195.84,5771.31,3199.31,-126.731,-5105.79
566.9,6.5295,40849.5,-6967.87,6445.54,3156.57,-154.644,-5182.65
567.0,6.54953,40877.0,-4976.17,5997.59,3135.32,-114.602,-5037.48
567.1,6.56599,40842.8,-4065.62,4623.82,3131.01,-69.0468,-4894.46
567.2,6.57186,40812.7,-6838.13,2357.55,3097.86,-65.1003,-4899.18
567.3,6.57396,40815.0,-9580.35,221.949,3070.85,-30.0625,-4958.85
567.4,6.57951,40824.2,-10080.0,-1276.63,3065.17,18.4347,-4861.79
567.5,6.5869,40836.3,-8823.18,-2643.24,3053.94,-2.864,-4751.22
567.6,6.5938,40815.6,-11228.4,-3125.48,3053.49,-4.571,-4832.08
567.7,6.5748,40712.8,-14523.2,-3216.31,3070.55,-14.9899,-5092.0
567.8,6.53789,40700.4,-16987.5,-3757.74,3106.44,-36.9849,-5181.6
567.9,6.51093,40751.7,-17329.9,-5155.5,3134.13,-66.0133,-5050.29
568.0,6.4991,40795.7,-17196.5,-7145.06,3145.4,-47.2659,-4984.2
568.1,6.50759,40865.8,-17871.4,-9303.42,3172.26,-9.60927,-5013.49
568.2,6.52408,40871.4,-17468.4,-10621.0,3160.28,-4.29281,-4946.63
568.3,6.52646,40782.8,-14821.0,-10555.9,3161.74,-35.5279,-4783.96
568.4,6.51611,40774.4,-10391.0,-9901.95,3168.17,-82.1592,-4755.63
568.5,6.50775,40786.3,-8625.55,-9506.21,3143.12,-85.0759,-4823.16
568.6,6.5078,40819.7,-8449.24,-10098.6,3139.59,-53.8802,-4947.02
568.7,6.52195,40922.6,-7827.81,-11174.2,3147.31,19.0572,-5021.64
568.8,6.53558,40895.6,-6157.18,-11840.0,3134.55,47.2076,-5010.35
568.9,6.5322,40822.3,-5205.82,-10590.5,3135.87,55.9565,-4981.83
569.0,6.52149,40783.5,-4726.22,-7546.45,3115.44,-22.0567,-5003.79
569.1,6.51498,40843.3,-4542.62,-3277.28,3111.03,-114.703,-5001.19
569.2,6.51977,40921.4,-3224.91,240.02,3098.59,-185.665,-4951.68
569.3,6.51938,40936.3,-1279.93,1794.19,3083.7,-195.542,-4908.05
569.4,6.50738,40897.1,-273.964,1799.86,3064.56,-112.967,-4899.01
569.5,6.48356,40865.7,-1372.28,1537.84,3056.13,-28.5795,-4933.02
569.6,6.46329,40941.7,-1605.17,2130.62,3051.87,25.1285,-5010.75
569.7,6.46017,41044.7,-1208.58,3749.52,3004.57,41.3165,-4991.17
569.8,6.46176,41094.1,-503.479,5339.25,2972.67,21.3631,-4949.93
569.9,6.4641,41106.2,-629.043,6287.31,2941.01,12.2808,-4979.93
570.0,6.45823,41046.6,-1818.94,6110.51,2929.35,-29.011,-5025.47
570.1,6.44438,41058.8,-2669.62,5554.99,2938.55,-55.6435,-5031.36
570.2,6.44038,41147.8,-2694.35,4495.8,2944.96,-99.1348,-4995.89
570.3,6.44425,41250.4,-3984.89,3943.18,2934.6,-79.5668,-4939.29
570.4,6.45236,41303.7,-6151.42,3581.42,2936.17,-46.5921,-4952.28
570.5,6.46056,41336.9,-8179.29,3657.52,2962.69,8.68172,-4967.42
570.6,6.46543,41307.1,-9314.91,4308.1,2979.17,64.3042,-4917.51
570.7,6.45746,41256.0,-11231.6,5058.85,3008.25,73.6849,-4864.41
570.8,6.44237,41267.5,-13049.7,5028.06,3046.2,27.7464,-4942.97
570.9,6.43241,41313.9,-14245.3,3700.08,3065.63,-28.3441,-5049.14
571.0,6.42479,41390.9,-14638.1,1256.48,3113.81,-37.0588,-5044.64
571.1,6.42801,41456.3,-13765.3,-1282.83,3143.77,-17.6524,-5014.29
571.2,6.42926,41443.2,-12547.8,-2671.23,3159.6,-32.6273,-5049.38
571.3,6.41945,41395.7,-11956.0,-2801.04,3170.83,-62.8988,-5045.66
571.4,6.40574,41372.0,-9308.7,-2515.89,3144.44,-81.8077,-4979.83
571.5,6.38587,41393.3,-6688.45,-3459.83,3129.51,-88.5943,-4840.62
571.6,6.37842,41512.7,-5151.36,-5787.99,3135.61,-26.9832,-4776.1
571.7,6.38068,41582.4,-5131.48,-8579.04,3131.88,29.6423,-4827.23
571.8,6.3744,41600.4,-4122.88,-10069.5,3087.67,60.7082,-4905.42
571.9,6.36374,41605.7,-1966.36,-9738.28,3033.45,11.5192,-4926.67
572.0,6.35104,41651.5,359.36,-7891.19,3000.11,-57.4714,-4945.97
572.1,6.34875,41773.9,-77.3802,-5724.8,2991.08,-78.2655,-5001.51
572.2,6.35892,41876.4,-1366.6,-3374.57,2968.81,-41.1445,-5083.72
572.3,6.36297,41881.0,-1854.09,-838.259,2948.33,-32.5111,-5052.97
572.4,6.35926,41881.2,-1423.89,1777.17,2940.54,-71.4159,-4892.47
572.5,6.35408,41876.4,-2088.91,4382.52,2920.55,-98.4106,-4795.99
572.6,6.34515,41896.0,-6129.43,5941.11,2926.49,-108.135,-4827.38
572.7,6.34496,41970.1,-8590.73,5897.56,2919.14,-95.4696,-4970.84
572.8,6.34766,41971.7,-7213.23,4968.75,2872.9,-60.3928,-5005.29
572.9,6.33685,41934.0,-4327.38,4172.59,2856.0,-7.82206,-4951.47
573.0,6.32272,41933.7,-2589.55,3818.03,2855.03,17.9302,-5009.68
573.1,6.31352,41977.9,-2432.28,4819.59,2881.21,35.9458,-5144.02
573.2,6.30293,42025.2,-1243.31,6161.28,2912.89,-5.6035,-5124.64
573.3,6.29764,42101.8,1580.28,7489.87,2962.15,-44.5182,-4934.4
573.4,6.291,42127.8,1910.06,8712.07,3009.29,-70.7473,-4772.14
573.5,6.27263,42146.9,-716.493,9106.89,3070.01,-110.281,-4838.52
573.6,6.26333,42247.3,-4569.09,9017.65,3107.6,-139.585,-4947.38
573.7,6.26195,42344.6,-5482.53,8992.62,3133.77,-134.921,-4950.17
573.8,6.26375,42423.8,-6779.26,8578.43,3130.45,-104.862,-4873.15
573.9,6.2709,42472.8,-11431.1,7539.75,3131.92,-67.497,-4955.75
574.0,6.26818,42444.7,-17814.4,5367.07,3110.02,-29.961,-5148.24
574.1,6.25572,42440.0,-22603.3,1422.58,3070.71,0.055,-5138.09
574.2,6.24849,42507.0,-23161.1,-3352.37,3042.38,34.2967,-4990.07
574.3,6.24188,42558.2,-21847.6,-7970.84,3019.67,29.9508,-4933.37
574.4,6.24008,42640.7,-21006.0,-11337.1,3024.43,9.86075,-4976.59
574.5,6.23904,42645.8,-19969.8,-13230.0,3034.62,-30.164,-4967.03
574.6,6.22779,42629.4,-16294.6,-13899.0,3056.44,-37.291,-4891.52
574.7,6.21712,42660.5,-13379.7,-14585.4,3107.33,-33.89,-4797.81
574.8,6.21648,42736.5,-12120.1,-14625.8,3144.83,17.9359,-4832.48
574.9,6.21982,42786.9,-12113.0,-14073.2,3189.05,45.3878,-4925.53
575.0,6.22696,42806.7,-12267.3,-12769.3,3200.88,26.7181,-4906.66
575.1,6.22902,42778.5,-10139.9,-10791.0,3177.71,-10.1096,-4883.71
575.2,6.22435,42738.1,-8001.34,-8856.4,3162.32,-45.1554,-4927.21
575.3,6.21603,42738.5,-7806.25,-7265.98,3112.56,-69.2055,-4966.62
575.4,6.20547,42755.5,-7384.78,-5328.2,3060.56,-49.1781,-5026.75
575.5,6.19558,42804.2,-7044.05,-2289.52,3014.88,-17.9635,-4994.85
575.6,6.18593,42865.9,-6345.19,650.99,2997.12,-69.4109,-4931.18
575.7,6.18027,42931.2,-5984.7,2868.74,2953.99,-95.3848,-4891.92
575.8,6.16848,42950.2,-6474.11,3588.43,2914.03,-70.695,-4878.89
575.9,6.14864,43002.1,-6716.98,2736.86,2884.68,-23.7431,-4896.34
576.0,6.13759,43098.6,-6314.49,1783.25,2827.01,18.5935,-4930.38
576.1,6.12657,43197.0,-4908.48,1959.52,2820.33,24.4255,-4999.72
576.2,6.12403,43309.7,-2153.12,2919.83,2841.12,4.66575,-5058.44
576.3,6.13287,43396.2,12.2466,4921.72,2911.41,24.965,-5046.52
576.4,6.13334,43358.8,518.934,7278.82,2945.19,37.3228,-4999.14
576.5,6.12492,43349.2,-1892.35,9368.99,3010.01,14.2245,-4952.82
576.6,6.12396,43391.9,-5308.77,10527.4,3089.78,-41.208,-4927.02
576.7,6.1276,43436.7,-7772.97,10576.1,3133.74,-66.505,-4904.45
576.8,6.13577,43469.5,-9331.11,9340.05,3147.66,-69.2135,-4879.11
576.9,6.1399,43443.2,-12403.6,7895.12,3156.98,-48.1229,-4889.76
577.0,6.12564,43365.6,-16417.7,6440.35,3144.25,-21.0556,-5024.45
577.1,6.10206,43364.1,-19506.8,4752.9,3161.49,23.0329,-5180.77
577.2,6.07965,43430.1,-20795.3,2925.57,3164.94,89.3165,-5187.05
577.3,6.05441,43523.4,-20153.6,935.536,3138.17,141.307,-5111.19
577.4,6.03169,43642.7,-20030.5,-650.069,3114.24,153.809,-5036.31
577.5,6.01057,43755.1,-19023.0,-1192.77,3106.02,118.897,-5003.9
577.6,5.99213,43801.5,-16312.7,-1505.62,3107.72,9.30307,-4919.41
577.7,5.9895,43786.5,-13128.8,-1995.09,3136.61,-75.7165,-4784.38
577.8,5.99336,43697.5,-11823.3,-3222.8,3189.82,-89.5694,-4767.25
577.9,6.00049,43665.6,-12960.7,-5098.61,3234.41,-34.8254,-4894.01
578.0,6.01402,43706.3,-14902.0,-6328.18,3277.89,52.884,-4997.82
578.1,6.03062,43814.3,-15177.1,-6046.51,3324.37,93.3695,-5029.47
578.2,6.04434,44027.4,-13724.9,-5435.86,3364.23,60.0346,-5024.39
578.3,6.05807,44280.5,-12719.7,-5298.2,3343.4,46.9506,-5023.27
578.4,6.05655,44128.1,-11934.6,-6258.63,3320.92,64.8503,-5035.34
578.5,6.04904,44101.8,-10643.2,-7138.2,3316.75,80.08,-5014.91
578.6,6.04555,44113.1,-8243.13,-6364.22,3297.03,30.9848,-4950.21
578.7,6.03547,44099.8,-5385.45,-3187.62,3273.35,-33.4627,-4911.89
578.8,6.01845,44111.7,-3166.66,1352.59,3250.47,-73.4863,-4924.43
578.9,5.99217,44122.3,-1101.41,5789.35,3222.63,-71.1865,-4962.78
579.0,5.95834,44170.5,-289.52,9639.95,3196.22,-11.5127,-4952.02
579.1,5.92375,44288.6,-1802.36,12122.8,3189.57,13.6785,-4930.25
579.2,5.89821,44407.2,-3826.01,12882.8,3173.59,-12.0667,-4992.25
579.3,5.8913,44419.8,-4381.24,12745.8,3179.86,-3.0085,-5084.39
579.4,5.90005,44344.0,-3088.9,12459.5,3201.81,5.27738,-5062.38
579.5,5.91654,44277.8,-829.703,11983.7,3253.65,-49.2609,-5008.85
579.6,5.9373,44272.9,1279.14,12019.6,3276.47,-62.5633,-5024.98
579.7,5.95343,44338.4,937.059,12903.1,3310.27,1.05813,-4995.05
579.8,5.96551,44552.7,149.296,14045.9,3353.65,32.3236,-4924.38
579.9,5.9882,44885.9,-2046.95,15471.9,3402.02,20.8516,-4827.59
580.0,6.0075,44808.8,-5540.15,17030.9,3428.26,10.1399,-4819.14
580.1,6.00657,44682.5,-10133.2,17932.1,3458.76,-15.0224,-4899.72
580.2,5.98494,44546.9,-14514.5,18093.9,3444.61,-36.3124,-4980.32
580.3,5.94897,44488.5,-18814.9,18035.7,3418.06,-36.6536,-5014.28
580.4,5.9107,44586.5,-22871.0,17616.2,3407.59,-22.4139,-5094.68
580.5,5.8919,44786.7,-26253.1,16585.6,3408.35,-10.3372,-5168.21
580.6,5.88286,44915.6,-28752.0,15239.8,3433.27,29.3433,-5133.39
580.7,5.86703,44948.8,-30189.8,13822.9,3481.02,78.7166,-5016.29
580.8,5.84469,44968.8,-30208.5,13086.5,3524.91,116.205,-4954.66
580.9,5.8205,44999.7,-29770.7,13340.4,3568.02,94.0786,-4933.76
581.0,5.80957,45034.2,-28618.6,13857.2,3629.0,30.7833,-4914.65
581.1,5.8198,45027.6,-27184.8,13551.7,3618.59,-14.1923,-4896.1
581.2,5.83744,44994.3,-24594.9,11711.4,3593.89,-13.6497,-4967.29
581.3,5.85703,45045.8,-22392.5,9187.12,3580.5,42.4193,-4992.08
581.4,5.87871,45141.3,-21460.8,7569.09,3583.74,99.3997,-4969.9
581.5,5.90134,45121.9,-20773.5,7495.95,3573.41,81.864,-5004.4
581.6,5.92169,45123.1,-19406.3,8351.36,3571.65,37.3652,-5043.7
581.7,5.93301,45075.3,-16127.6,8263.8,3542.17,-0.36275,-4992.89
581.8,5.92557,45023.9,-12164.5,6364.53,3552.79,23.0274,-4894.62
581.9,5.90664,45011.7,-9149.78,3580.62,3545.29,95.7929,-4868.02
582.0,5.88496,45009.2,-7596.03,1778.91,3572.96,132.761,-4930.42
582.1,5.8668,45030.0,-5545.26,2386.24,3579.7,124.087,-4979.92
582.2,5.85582,45034.3,-3811.14,5062.84,3560.99,72.956,-4919.05
582.3,5.84019,45010.9,-2522.66,8626.82,3548.31,45.4647,-4921.68
582.4,5.8204,45001.5,-2790.87,11323.2,3537.48,33.3092,-4983.53
582.5,5.80535,45023.3,-4399.88,13331.4,3522.19,65.72,-4989.54
582.6,5.79251,45026.4,-5284.93,14993.4,3492.13,70.9634,-4982.2
582.7,5.79138,45079.2,-6257.13,16801.3,3497.02,38.2526,-4991.95
582.8,5.80788,45121.7,-7611.07,18677.7,3521.25,-1.63931,-5045.35
582.9,5.83186,45130.3,-9446.15,20218.4,3578.3,13.2339,-5073.79
583.0,5.84954,45105.2,-10659.7,20489.3,3594.38,59.2253,-5065.03
583.1,5.86667,45114.9,-9904.7,20120.5,3609.64,127.987,-5062.76
583.2,5.88546,45121.6,-9048.35,20367.7,3598.25,190.297,-5013.96
583.3,5.90728,45133.0,-9181.14,22309.0,3612.43,211.789,-4967.29
583.4,5.92297,45093.9,-11071.8,25764.8,3618.17,158.798,-4980.15
583.5,5.91557,45014.3,-13407.0,29740.7,3615.9,88.2538,-5042.43
583.6,5.88544,44969.7,-15739.4,31910.1,3639.69,-0.2535,-5059.07
583.7,5.85249,44987.3,-16796.1,31877.4,3667.13,8.107,-5080.73
583.8,5.82632,45001.7,-18598.3,30495.9,3660.91,88.572,-5075.66
583.9,5.81103,45043.2,-21273.7,28947.0,3675.22,142.041,-5104.09
584.0,5.80639,45054.3,-25078.3,28148.9,3681.07,136.807,-5093.43
584.1,5.79807,45025.2,-28503.7,28075.3,3701.38,130.501,-5059.87
584.2,5.78546,45024.7,-30007.4,27315.8,3762.97,143.028,-5076.52
584.3,5.77972,45047.5,-30255.2,25231.1,3808.97,160.09,-5067.82
584.4,5.78059,45070.9,-29309.2,22138.5,3842.81,181.834,-5065.79
584.5,5.78857,45092.4,-28130.8,18658.7,3839.97,188.312,-5058.26
584.6,5.80401,45104.8,-25930.4,15799.9,3815.88,170.243,-5072.9
584.7,5.82125,45126.7,-22997.1,14288.3,3805.44,152.585,-5056.42
584.8,5.84901,45149.8,-20121.9,13858.2,3801.95,129.434,-4991.8
584.9,5.87692,45134.6,-17466.2,14330.9,3780.4,113.373,-4963.28
585.0,5.88838,45076.8,-15866.0,14893.7,3747.68,96.7219,-4921.64
585.1,5.8832,45030.0,-13338.2,15265.2,3727.46,88.4546,-4936.88
585.2,5.86593,45010.7,-11008.6,15347.8,3725.05,79.0529,-4929.56
585.3,5.84897,45035.8,-8938.44,15058.8,3721.79,54.2372,-4961.77
585.4,5.84137,45058.7,-7270.03,14908.6,3741.86,48.5138,-5040.64
585.5,5.8298,45019.0,-5692.18,14270.3,3762.82,17.4386,-5092.65
585.6,5.8131,45020.5,-4403.26,13631.7,3759.55,46.6595,-5074.14
585.7,5.79377,44995.5,-2841.97,12970.5,3730.41,81.6998,-5043.15
585.8,5.78121,45055.6,-932.219,12780.4,3748.15,114.597,-5036.61
585.9,5.79743,45124.1,220.121,13706.1,3780.41,112.082,-4975.98
586.0,5.81505,45095.8,264.443,15642.1,3801.4,64.883,-4925.11
586.1,5.82215,45065.7,-1078.04,17706.5,3826.77,18.163,-4962.52
586.2,5.82248,45050.2,-3122.85,19278.6,3842.68,12.3713,-5047.0
586.3,5.82237,45074.8,-5129.82,20202.6,3856.91,52.76,-5108.3
586.4,5.84604,45166.8,-5935.95,20920.8,3887.04,91.5245,-5131.46
586.5,5.88626,45183.6,-6701.35,23027.8,3896.68,127.132,-5144.11
586.6,5.90901,45098.5,-7717.77,26344.0,3874.43,95.7667,-5149.98
586.7,5.91,45051.8,-7661.44,30350.6,3862.6,50.4622,-5138.39
586.8,5.8969,45014.4,-8231.07,34438.1,3870.41,36.0892,-5052.52
586.9,5.87942,45035.1,-9079.85,37888.5,3912.58,45.264,-5031.77
587.0,5.87504,45067.0,-11587.4,40094.1,3949.51,6.48125,-5069.52
587.1,5.87127,45053.4,-14713.5,41280.5,3985.46,-22.0204,-5110.12
587.2,5.85938,45019.5,-16449.4,40982.2,4007.01,-18.547,-5112.44
587.3,5.83872,45000.4,-17308.9,38567.5,4005.12,-5.0165,-5089.52
587.4,5.82491,45044.0,-18155.7,34415.6,4014.13,43.1595,-5105.56
587.5,5.83683,45123.4,-20387.0,30064.5,4036.65,133.217,-5140.08
587.6,5.86625,45150.1,-22375.3,26735.9,4050.28,183.306,-5188.98
587.7,5.88977,45103.6,-23532.4,24751.0,4072.93,157.835,-5181.34
587.8,5.8964,45051.2,-21823.5,24307.1,4111.21,148.291,-5157.96
587.9,5.88335,44997.9,-19191.3,24042.1,4111.61,119.214,-5099.9
588.0,5.87516,45071.2,-16219.7,23330.2,4121.42,86.8891,-5064.61
588.1,5.89384,45143.0,-14954.3,22861.6,4104.69,82.5374,-5016.05
588.2,5.92211,45148.5,-14016.4,22993.1,4077.07,68.3952,-4984.55
588.3,5.94798,45132.7,-12681.4,23589.9,4057.42,31.8533,-4981.5
588.4,5.95942,45072.2,-10253.1,25498.8,4029.17,44.3387,-4983.64
588.5,5.94212,44986.8,-7227.41,27226.8,3989.91,22.2461,-4998.88
588.6,5.92233,45007.8,-5394.57,27445.2,3958.51,-10.1987,-5026.92
588.7,5.91636,45065.8,-4706.36,25474.7,3939.06,2.167,-5092.04
588.8,5.91569,45075.3,-4260.3,22173.1,3968.32,111.373,-5131.77
588.9,5.91725,45061.3,-3664.94,18648.4,4001.49,189.014,-5090.03
589.0,5.90713,44983.9,-1956.07,17001.1,4027.16,190.548,-5059.61
589.1,5.8928,44928.0,465.124,17530.0,4034.28,147.541,-5038.8
589.2,5.8887,44976.6,3163.76,18932.3,4006.76,101.577,-4990.47
589.3,5.90463,45073.3,5516.01,19976.7,3969.03,85.7452,-4938.56
589.4,5.93034,45124.2,5494.98,20628.3,3957.1,114.439,-4926.05
589.5,5.95791,45082.2,2928.58,21185.1,3971.86,121.457,-4986.17
589.6,5.978,44980.3,447.176,22882.3,3977.11,139.858,-5081.5
589.7,5.98572,44854.3,-1295.91,25418.0,3980.31,136.548,-5095.37
589.8,5.98822,44808.0,-1404.33,27871.9,4018.84,128.176,-5072.58
589.9,6.00045,44809.4,-1838.78,29403.7,4059.54,123.909,-5077.7
590.0,6.01769,44792.7,-3482.76,30767.4,4096.4,164.383,-5088.36
590.1,6.02915,44687.8,-5901.67,32730.9,4119.5,193.501,-5067.74
590.2,6.02871,44549.4,-8740.41,35980.6,4154.37,184.276,-5013.43
590.3,6.01999,44439.5,-12508.7,40235.7,4162.08,142.84,-4989.56
590.4,6.00403,44387.5,-17085.9,42839.2,4191.63,60.6271,-5064.43
590.5,5.99697,44425.3,-21650.2,42588.9,4182.14,64.3524,-5142.9
590.6,5.99218,44424.6,-23549.4,39378.7,4146.87,146.964,-5164.12
590.7,5.98683,44430.4,-24449.5,34768.7,4112.2,241.574,-5113.17
590.8,5.98777,44429.7,-24924.0,30914.2,4080.56,278.507,-5113.63
590.9,5.99299,44409.7,-26645.0,29312.1,4071.89,267.379,-5145.64
591.0,5.99996,44406.4,-27048.6,28991.2,4069.56,227.711,-5142.6
591.1,6.01845,44418.5,-24874.6,28970.4,4095.95,220.639,-5091.4
591.2,6.03304,44369.2,-21808.1,29190.9,4090.31,263.981,-4999.61
591.3,6.03905,44309.5,-19669.9,29467.7,4108.72,262.161,-4966.96
591.4,6.04604,44290.6,-18866.7,30459.1,4102.18,215.955,-4969.77
591.5,6.05175,44264.1,-18353.2,32292.5,4056.74,149.445,-4943.0
591.6,6.05656,44263.9,-16629.9,33316.7,4026.61,71.1825,-4946.92
591.7,6.07898,44293.5,-15555.6,33522.6,4033.66,71.2402,-4979.84
591.8,6.09832,44190.5,-15388.7,33165.0,4045.51,96.0423,-5045.05
591.9,6.09874,44030.5,-14774.0,32774.2,4044.93,101.09,-5129.03
592.0,6.08551,43886.2,-12991.7,32317.7,4058.24,63.3153,-5136.71
592.1,6.06579,43841.6,-10430.8,31070.8,4072.82,43.5612,-5078.25
592.2,6.05985,43918.9,-7519.62,27968.2,4083.29,84.6331,-5028.22
592.3,6.07007,43976.9,-6678.76,24098.9,4101.92,197.198,-4988.01
592.4,6.08089,43930.2,-6210.48,21120.2,4113.85,256.436,-4988.78
592.5,6.0796,43833.9,-5624.52,20416.6,4091.81,256.982,-4980.44
592.6,6.07953,43776.7,-6084.92,22341.6,4060.15,212.724,-4929.88
592.7,6.07632,43768.3,-7533.99,25040.7,4015.76,134.197,-4973.35
592.8,6.0918,43870.4,-9401.82,27066.7,3990.88,80.954,-5086.29
592.9,6.12245,43906.2,-11324.5,28934.5,3985.54,77.5411,-5126.2
593.0,6.1335,43787.1,-12782.7,30006.4,3977.32,45.0738,-5098.77
593.1,6.13783,43711.2,-13730.5,29985.0,4009.08,7.27919,-5076.37
593.2,6.14757,43689.4,-14977.5,29968.7,4089.02,48.9035,-5055.61
593.3,6.15929,43660.3,-14614.5,29258.9,4124.53,83.59,-5014.46
593.4,6.18411,43682.4,-12274.8,28608.9,4123.43,93.2689,-4946.5
593.5,6.20839,43555.3,-11330.8,28694.7,4119.92,96.3842,-4853.42
593.6,6.20453,43356.3,-12952.6,28223.2,4117.26,71.55,-4864.3
593.7,6.19175,43231.8,-15443.4,25478.0,4085.05,21.953,-4977.69
593.8,6.17892,43193.5,-17386.8,21557.2,4046.61,77.2635,-5022.12
593.9,6.17394,43237.7,-17723.1,17122.8,4022.38,140.049,-4986.01
594.0,6.19213,43306.4,-18237.4,14561.7,4004.2,146.911,-4981.29
594.1,6.20656,43203.8,-20635.0,15124.9,3992.16,91.0693,-5033.39
594.2,6.19841,43052.2,-22086.9,17146.8,3975.89,19.2915,-5091.31
594.3,6.19207,43002.4,-21793.4,19532.1,3971.1,26.8398,-5020.92
594.4,6.18772,43005.0,-19145.3,21597.9,3980.91,65.6998,-4929.24
594.5,6.19335,43079.8,-18874.1,23299.7,3974.11,72.7903,-4851.99
594.6,6.21014,43113.5,-20074.1,25369.3,3981.35,36.5215,-4892.92
594.7,6.21417,43036.4,-21806.2,27220.2,3956.28,-11.5094,-4912.45
594.8,6.21175,42996.4,-22150.8,27624.1,3924.19,-44.7383,-4899.58
594.9,6.22382,43025.3,-21765.3,26882.4,3905.84,-30.8263,-4922.43
595.0,6.24243,43028.6,-23105.1,25339.6,3891.1,-4.5115,-4994.94
595.1,6.26964,43028.1,-23645.3,24022.3,3907.97,17.1872,-5114.67
595.2,6.28911,42874.5,-21141.3,23613.1,3901.13,23.4632,-5152.92
595.3,6.28065,42683.5,-17192.2,23342.2,3902.59,19.4398,-5027.86
595.4,6.26893,42614.4,-14337.0,22232.6,3910.26,16.4571,-4933.89
595.5,6.26328,42611.7,-13399.8,19923.0,3908.81,33.1452,-4969.34
595.6,6.2642,42640.5,-11877.4,16568.5,3895.15,86.0035,-4976.4
595.7,6.27375,42635.5,-9045.07,13764.8,3859.78,132.417,-4843.02
595.8,6.2757,42543.9,-6884.13,12796.8,3840.69,117.298,-4771.91
595.9,6.27088,42474.9,-8273.28,13425.5,3810.78,46.5358,-4880.95
596.0,6.26516,42445.5,-10472.8,14466.1,3805.48,-24.1427,-5090.32
596.1,6.25982,42464.8,-10104.6,14161.9,3817.93,-57.2085,-5142.44
596.2,6.26339,42544.9,-7334.6,12052.8,3816.53,-6.30575,-5054.82
596.3,6.27389,42577.6,-4917.39,9321.09,3801.3,61.151,-5028.34
596.4,6.28618,42580.8,-4411.95,7822.99,3812.79,111.072,-5054.23
596.5,6.30278,42561.0,-3441.29,8931.97,3816.03,100.909,-5012.12
596.6,6.31646,42500.0,-2477.56,12583.8,3815.55,61.5527,-4839.59
596.7,6.32503,42426.1,-2012.46,16745.9,3817.87,4.48525,-4774.16
596.8,6.33143,42373.5,-5000.61,19314.0,3824.77,-43.7464,-4824.18
596.9,6.32743,42309.7,-9061.07,18897.2,3818.1,-58.7093,-4942.95
597.0,6.31931,42280.4,-12554.6,16242.2,3784.07,5.7125,-5010.76
597.1,6.31789,42315.0,-15116.9,13587.3,3747.36,90.2676,-5043.06
597.2,6.32308,42330.9,-17161.1,12378.9,3710.5,94.555,-5117.91
597.3,6.33909,42330.8,-19232.6,13581.8,3708.19,76.3504,-5184.99
597.4,6.34602,42221.9,-20055.2,16211.9,3728.44,70.8405,-5163.6
597.5,6.33136,42073.4,-19495.1,17662.3,3775.4,38.3478,-5041.02
597.6,6.31306,42045.3,-18792.3,17875.5,3826.79,53.9634,-4924.72
597.7,6.29733,42087.0,-19245.8,17125.0,3852.58,70.1329,-4859.11
597.8,6.29767,42220.6,-20219.2,16022.6,3861.72,49.0137,-4868.16
597.9,6.32492,42326.2,-20548.5,15559.3,3861.97,13.6317,-4897.25
598.0,6.34873,42260.5,-20573.5,15392.2,3855.35,-13.9485,-4931.59
598.1,6.35797,42129.6,-20346.8,14135.9,3844.77,-23.0764,-5019.12
598.2,6.35599,42013.3,-19678.2,12111.3,3811.65,42.5218,-5143.33
598.3,6.34225,41965.7,-18052.8,9763.55,3754.28,107.687,-5158.53
598.4,6.34416,42093.7,-13612.4,8208.25,3749.29,131.503,-5106.03
598.5,6.36622,42167.0,-8955.91,8585.16,3730.77,115.402,-4988.18
598.6,6.37769,42101.6,-6225.83,10226.2,3748.01,54.6502,-4904.75
598.7,6.37364,41974.8,-5483.96,11328.8,3758.04,-39.6478,-4860.9
598.8,6.35534,41864.9,-5093.82,11318.5,3747.07,-62.0407,-4817.62
598.9,6.33557,41885.3,-4427.92,9742.89,3733.06,-40.2718,-4788.47
599.0,6.34583,42053.4,-4373.95,8121.7,3699.89,5.3405,-4849.55
599.1,6.3741,42117.8,-4707.02,8430.95,3639.66,33.002,-5024.53
599.2,6.39403,42020.9,-4835.01,10978.8,3604.16,26.4527,-5150.98
599.3,6.39125,41833.0,-4086.02,13981.4,3584.48,-9.69512,-5143.78
599.4,6.36763,41694.4,-2703.02,15253.5,3565.29,-60.4017,-5089.94
599.5,6.34465,41740.8,-436.675,13630.1,3600.25,-51.9645,-5035.91
599.6,6.34961,41908.3,2726.31,10377.2,3640.12,-2.4585,-4944.02
599.7,6.37465,42015.5,4793.39,8814.86,3665.82,36.1844,-4777.27
599.8,6.38948,41929.1,4263.09,10007.6,3650.39,-45.5496,-4685.55
599.9,6.38505,41797.8,1502.43,12899.5,3668.85,-173.873,-4768.15
600.0,6.36544,41718.4,-2405.98,14509.4,3672.48,-211.24,-4868.5
